set S :=
6427   6510   7465   7583   8965   4666   8720   3461   6520   125    1272
3777   7762   3103   107    6390   5858   6332   2655   7352   794    4978
6696   6478   4019   3776   4157   6417   8003   7147   2784   8098   6868
7556   5900   471    8671   548    1062   6811   4186   2594   376    1496
2953   3341   831    6706   607    2108   3636   377    7508   6518   4065
1762   6091   232    656    280    1691   4740   1139   5106   5018   5736
6132   3829   1831   4361   911    7719   1422   81     3468   6182   3094
5062   7473   8990   2235   5521   8284   6546   4835   7402   8160   6994
2269   6165   130    6567   307    2246   5857   100    3512   4377   609
6628   5343   3985   8385   1509   2711   5990   7554   6396   590    6005
4054   113    6524   3892   7968   7462   3356   6691   6749   7282   5303
5866   8508   3391   8811   3516   199    4206   4309   5833   42     1252
1972   3888   5906   2530   2694   1926   2537   4543   8117   7048   8617
7211   2347   2958   3717   7541   6531   7377   8786   8332   6880
8752   2384   1220   8206   4991   2408   7598   1144   1536   928
8623   1469   6770   8919   1915   2879   4827   5934   7747   6779
3817   9083   4324   4402   596    765    8845   3339   8534   6242
18     4237   5705   7453   2256   3208   7477   7609   1359   2050
4938   673    5314   474    8765   6911   1134   4071   7069   4988
1895   6445   5226   2909   5323   8746   1638   569    8049   7976
3832   8149   8597   4844   4511   6087   5539   3847   4821   624
5615   3588   2219   3628   2137   1479   7247   1025   720    1866
8531   3172   3797   1286   5836   1248   8777   1380   3680   5362;


param lambda:=2923;