# |V| = 100
# |E| = 2964
# Prob((i,j)) = 0.600000

set V:=
1
2
3
4
5
6
7
8
9
10
11
12
13
14
15
16
17
18
19
20
21
22
23
24
25
26
27
28
29
30
31
32
33
34
35
36
37
38
39
40
41
42
43
44
45
46
47
48
49
50
51
52
53
54
55
56
57
58
59
60
61
62
63
64
65
66
67
68
69
70
71
72
73
74
75
76
77
78
79
80
81
82
83
84
85
86
87
88
89
90
91
92
93
94
95
96
97
98
99
100
;
param: E: w :=
1 2 98
1 3 24
1 4 36
1 5 74
1 6 14
1 7 19
1 8 25
1 9 41
1 10 80
1 11 84
1 12 41
1 13 50
1 14 72
1 15 41
1 16 97
1 17 82
1 18 65
1 19 14
1 20 22
1 21 50
1 22 32
1 23 69
1 24 71
1 25 87
1 26 38
1 27 97
1 28 36
1 29 85
1 30 59
1 31 42
1 32 52
1 33 69
1 34 4
1 35 44
1 36 28
1 37 90
1 38 44
1 39 76
1 40 30
1 41 10
1 42 36
1 43 90
1 44 17
1 45 14
1 46 78
1 47 2
1 48 5
1 49 84
1 50 82
1 51 52
1 52 57
1 53 97
1 54 51
1 55 34
1 56 33
1 57 32
1 58 89
1 59 1
1 60 70
1 61 33
1 62 7
1 63 25
1 64 100
1 65 24
1 66 70
1 67 12
1 68 88
1 69 73
1 70 70
1 71 69
1 72 10
1 73 79
1 74 32
1 75 99
1 76 87
1 77 79
1 78 46
1 79 72
1 80 53
1 81 25
1 82 15
1 83 58
1 84 28
1 85 9
1 86 55
1 87 58
1 88 32
1 89 14
1 90 39
1 91 52
1 92 38
1 93 65
1 94 34
1 95 36
1 96 22
1 97 65
1 98 47
1 99 98
1 100 6
2 4 64
2 6 6
2 9 39
2 10 41
2 15 97
2 17 71
2 19 58
2 20 12
2 21 55
2 22 71
2 23 58
2 25 76
2 26 55
2 29 65
2 30 96
2 31 23
2 35 22
2 37 18
2 38 19
2 39 33
2 41 86
2 44 33
2 47 19
2 50 10
2 53 57
2 54 44
2 55 97
2 56 36
2 57 90
2 58 97
2 59 35
2 62 22
2 63 74
2 65 48
2 66 47
2 67 5
2 68 82
2 69 23
2 70 99
2 71 67
2 73 74
2 75 39
2 76 73
2 77 8
2 78 58
2 80 11
2 81 50
2 82 1
2 83 83
2 84 94
2 85 93
2 86 73
2 87 29
2 89 17
2 92 30
2 93 98
2 94 14
2 97 91
2 98 62
3 5 86
3 6 56
3 7 76
3 10 79
3 11 65
3 12 68
3 14 96
3 16 88
3 17 8
3 19 6
3 20 27
3 25 25
3 28 53
3 29 91
3 31 10
3 34 93
3 37 77
3 38 21
3 39 94
3 40 83
3 41 46
3 43 34
3 45 76
3 47 87
3 48 18
3 49 28
3 50 85
3 55 91
3 57 47
3 60 91
3 62 70
3 64 79
3 65 15
3 66 97
3 69 37
3 71 49
3 72 51
3 73 82
3 74 77
3 78 15
3 81 76
3 82 22
3 84 61
3 86 24
3 87 90
3 89 38
3 91 72
3 94 42
3 96 76
3 97 50
3 98 9
3 99 97
3 100 4
4 7 57
4 9 79
4 11 52
4 12 31
4 14 60
4 15 75
4 18 2
4 20 33
4 23 4
4 25 4
4 27 70
4 28 23
4 29 19
4 32 38
4 36 32
4 37 84
4 42 56
4 46 8
4 47 69
4 48 98
4 51 24
4 52 8
4 56 11
4 58 78
4 59 9
4 61 61
4 62 61
4 65 78
4 67 42
4 68 95
4 69 64
4 70 43
4 71 49
4 72 37
4 77 24
4 79 48
4 81 35
4 82 13
4 85 61
4 86 86
4 87 100
4 88 96
4 89 15
4 90 64
4 95 42
4 100 48
5 7 91
5 8 71
5 10 14
5 11 43
5 12 24
5 13 39
5 15 94
5 16 33
5 17 33
5 18 49
5 22 63
5 23 77
5 24 70
5 27 55
5 28 68
5 31 33
5 33 79
5 34 12
5 35 68
5 36 47
5 37 72
5 39 17
5 40 43
5 41 87
5 48 75
5 49 59
5 50 91
5 51 76
5 52 95
5 57 61
5 58 29
5 61 9
5 62 81
5 64 46
5 66 56
5 67 84
5 68 32
5 69 30
5 70 56
5 71 42
5 73 58
5 74 83
5 75 1
5 76 66
5 77 50
5 79 9
5 81 40
5 82 4
5 83 48
5 84 14
5 85 65
5 87 62
5 88 69
5 90 7
5 91 54
5 92 61
5 93 70
5 94 38
5 96 60
5 98 82
5 99 2
5 100 20
6 7 31
6 9 37
6 10 91
6 11 65
6 14 88
6 16 46
6 17 42
6 19 13
6 20 83
6 22 7
6 23 55
6 24 71
6 25 69
6 26 39
6 27 82
6 29 71
6 30 77
6 32 66
6 33 46
6 35 26
6 36 45
6 37 64
6 38 58
6 39 86
6 41 55
6 42 82
6 43 54
6 44 74
6 47 39
6 48 28
6 51 99
6 52 21
6 53 26
6 56 50
6 57 51
6 61 33
6 62 21
6 63 54
6 64 41
6 66 22
6 67 18
6 69 20
6 70 11
6 71 75
6 72 31
6 76 48
6 77 46
6 78 56
6 79 18
6 80 89
6 83 52
6 86 92
6 87 48
6 88 4
6 90 25
6 91 29
6 92 100
6 95 54
6 96 24
6 97 86
7 8 1
7 9 4
7 13 15
7 14 27
7 15 38
7 16 76
7 18 91
7 21 61
7 24 37
7 26 15
7 28 53
7 29 50
7 30 17
7 31 40
7 33 85
7 34 72
7 35 55
7 39 63
7 40 30
7 41 38
7 43 76
7 44 37
7 46 88
7 48 27
7 50 66
7 52 63
7 54 58
7 55 29
7 56 29
7 57 2
7 58 78
7 59 10
7 60 85
7 63 14
7 65 51
7 68 58
7 71 49
7 74 27
7 75 79
7 77 92
7 78 22
7 79 31
7 80 83
7 81 29
7 82 40
7 83 33
7 86 44
7 87 9
7 89 11
7 90 39
7 91 15
7 93 93
7 95 82
7 97 44
7 98 27
7 99 70
8 12 70
8 13 36
8 14 28
8 16 29
8 17 22
8 18 30
8 19 30
8 20 39
8 21 45
8 22 80
8 24 76
8 30 57
8 31 15
8 32 29
8 33 45
8 35 5
8 36 51
8 37 64
8 39 95
8 40 28
8 42 91
8 46 1
8 48 22
8 49 5
8 55 47
8 56 64
8 57 53
8 60 1
8 66 94
8 67 59
8 68 82
8 69 29
8 70 48
8 71 63
8 72 51
8 73 88
8 77 42
8 79 17
8 80 13
8 82 21
8 84 55
8 88 34
8 89 68
8 91 49
8 92 90
8 93 92
8 94 30
8 95 75
8 96 49
8 97 19
8 98 74
9 10 40
9 11 16
9 12 38
9 13 41
9 15 9
9 16 45
9 21 76
9 25 68
9 27 95
9 28 40
9 29 4
9 31 53
9 36 2
9 37 88
9 39 21
9 42 92
9 44 27
9 48 72
9 49 71
9 50 34
9 51 17
9 53 94
9 54 69
9 56 48
9 57 11
9 58 15
9 59 75
9 60 89
9 61 83
9 62 68
9 63 47
9 64 16
9 65 29
9 67 82
9 68 65
9 70 43
9 72 2
9 75 78
9 77 99
9 78 40
9 79 5
9 80 79
9 81 94
9 82 28
9 83 3
9 84 21
9 86 74
9 87 10
9 89 18
9 90 76
9 93 76
9 95 75
9 96 42
9 97 45
9 98 41
9 100 80
10 12 77
10 13 64
10 15 95
10 16 63
10 19 4
10 20 34
10 21 86
10 22 70
10 23 21
10 24 18
10 26 16
10 28 31
10 29 49
10 30 39
10 32 85
10 34 86
10 35 91
10 37 75
10 38 65
10 40 97
10 43 79
10 45 85
10 46 96
10 48 72
10 50 3
10 52 99
10 54 81
10 55 88
10 56 69
10 57 13
10 58 37
10 60 29
10 61 6
10 65 69
10 66 45
10 67 56
10 69 67
10 70 81
10 71 12
10 75 92
10 76 69
10 79 26
10 82 34
10 83 43
10 84 68
10 85 94
10 87 77
10 88 40
10 89 11
10 92 49
10 93 35
10 94 5
10 95 32
10 96 48
10 97 63
10 98 49
10 100 1
11 12 7
11 14 67
11 16 71
11 18 97
11 19 81
11 20 39
11 22 36
11 25 30
11 26 35
11 28 21
11 31 60
11 32 48
11 33 27
11 37 89
11 39 99
11 41 72
11 43 91
11 45 89
11 46 64
11 47 45
11 48 73
11 50 68
11 51 1
11 52 70
11 54 65
11 55 22
11 56 84
11 57 75
11 58 68
11 60 7
11 61 61
11 62 43
11 63 26
11 64 48
11 65 47
11 68 70
11 70 6
11 72 70
11 73 88
11 75 44
11 77 36
11 79 29
11 80 79
11 81 97
11 82 61
11 83 81
11 84 58
11 85 70
11 90 70
11 91 95
11 92 85
11 93 61
11 95 24
11 96 43
11 99 28
11 100 49
12 13 14
12 14 41
12 15 10
12 18 6
12 19 32
12 20 81
12 21 46
12 23 15
12 24 47
12 28 45
12 29 49
12 31 5
12 35 6
12 36 67
12 38 68
12 39 59
12 40 38
12 42 100
12 43 63
12 44 84
12 47 86
12 50 66
12 52 32
12 53 57
12 57 23
12 58 67
12 59 5
12 60 26
12 65 71
12 66 97
12 67 83
12 68 10
12 69 71
12 71 30
12 73 51
12 76 90
12 77 29
12 78 85
12 79 30
12 82 75
12 83 86
12 84 34
12 85 7
12 88 92
12 89 37
12 91 74
12 95 30
12 96 44
12 97 18
12 100 21
13 14 33
13 16 65
13 17 40
13 18 86
13 19 3
13 20 41
13 21 41
13 22 21
13 26 31
13 27 85
13 29 34
13 32 3
13 33 27
13 35 88
13 36 8
13 38 45
13 39 67
13 40 33
13 44 43
13 46 48
13 48 98
13 50 85
13 51 68
13 53 100
13 54 9
13 57 66
13 58 34
13 59 73
13 60 62
13 63 54
13 65 22
13 69 35
13 70 58
13 71 27
13 72 15
13 73 67
13 74 62
13 76 57
13 77 34
13 78 7
13 79 55
13 80 92
13 81 38
13 83 51
13 84 83
13 87 31
13 88 34
13 89 97
13 90 100
13 91 12
13 94 5
13 96 27
14 15 87
14 16 20
14 18 67
14 19 2
14 20 74
14 21 35
14 22 49
14 23 13
14 24 43
14 25 100
14 26 77
14 28 96
14 29 84
14 30 10
14 33 42
14 36 65
14 37 21
14 38 58
14 41 53
14 45 18
14 46 73
14 47 96
14 48 40
14 51 82
14 52 46
14 54 58
14 55 36
14 56 60
14 57 85
14 58 68
14 59 46
14 64 49
14 66 95
14 68 75
14 70 80
14 73 94
14 74 44
14 77 74
14 78 72
14 79 74
14 81 69
14 83 85
14 87 84
14 88 49
14 93 39
14 94 4
14 97 8
14 99 39
15 16 61
15 17 13
15 19 88
15 20 99
15 22 61
15 24 24
15 25 76
15 26 6
15 27 33
15 28 67
15 30 55
15 31 45
15 32 27
15 34 28
15 36 32
15 37 100
15 38 10
15 39 16
15 40 35
15 43 57
15 45 86
15 47 83
15 48 61
15 49 27
15 50 51
15 51 87
15 52 53
15 54 58
15 55 61
15 56 24
15 58 61
15 60 24
15 63 96
15 64 50
15 65 13
15 70 38
15 72 39
15 74 23
15 76 22
15 78 77
15 81 33
15 85 94
15 87 73
15 89 51
15 90 53
15 93 92
15 94 41
15 97 38
16 17 51
16 19 32
16 22 10
16 24 12
16 25 35
16 26 29
16 28 47
16 29 59
16 30 85
16 32 93
16 33 50
16 35 92
16 37 12
16 39 54
16 40 79
16 45 66
16 46 19
16 53 17
16 55 62
16 56 89
16 58 18
16 61 81
16 62 61
16 67 1
16 68 99
16 70 27
16 73 70
16 74 35
16 75 49
16 76 24
16 78 39
16 81 19
16 83 36
16 85 35
16 87 85
16 88 30
16 89 26
16 91 35
16 93 56
16 94 69
16 95 70
16 96 13
16 97 89
16 99 94
16 100 52
17 21 61
17 22 12
17 23 87
17 27 31
17 29 25
17 30 97
17 31 54
17 32 45
17 33 6
17 36 99
17 38 43
17 39 30
17 40 69
17 41 98
17 42 94
17 43 47
17 44 75
17 45 21
17 46 43
17 47 10
17 48 73
17 49 16
17 50 3
17 54 99
17 55 48
17 58 72
17 59 47
17 60 82
17 63 31
17 64 89
17 67 3
17 68 21
17 71 47
17 72 80
17 73 91
17 74 79
17 75 22
17 76 66
17 78 30
17 80 81
17 81 24
17 82 34
17 83 32
17 85 65
17 86 1
17 87 3
17 88 72
17 89 1
17 90 84
17 91 35
17 92 79
17 94 19
17 96 60
17 97 62
17 98 88
17 99 69
17 100 51
18 20 76
18 24 27
18 25 59
18 26 3
18 27 55
18 28 33
18 32 93
18 33 46
18 34 1
18 36 29
18 38 85
18 39 14
18 41 1
18 42 40
18 43 74
18 44 7
18 46 9
18 47 34
18 48 49
18 51 38
18 52 25
18 53 78
18 55 67
18 56 54
18 57 54
18 59 63
18 60 57
18 61 18
18 62 1
18 64 99
18 67 37
18 68 7
18 70 4
18 71 26
18 72 13
18 73 27
18 75 48
18 76 43
18 77 77
18 79 91
18 80 33
18 81 62
18 82 52
18 84 84
18 85 9
18 86 82
18 87 24
18 89 96
18 96 29
18 100 34
19 20 56
19 21 86
19 22 8
19 23 39
19 25 42
19 26 32
19 27 7
19 32 52
19 39 72
19 40 60
19 42 45
19 43 91
19 44 69
19 45 19
19 49 43
19 50 27
19 52 45
19 53 26
19 55 12
19 56 93
19 57 37
19 58 12
19 61 52
19 63 82
19 64 21
19 65 7
19 67 76
19 68 90
19 69 14
19 70 94
19 71 21
19 73 99
19 75 24
19 76 40
19 77 45
19 82 71
19 83 57
19 84 80
19 85 40
19 86 10
19 87 15
19 92 47
19 94 4
19 97 55
19 98 94
19 99 54
19 100 23
20 21 10
20 23 47
20 25 68
20 26 25
20 27 97
20 29 84
20 30 60
20 33 30
20 34 17
20 35 38
20 37 20
20 39 96
20 42 74
20 44 92
20 46 82
20 48 36
20 49 41
20 51 37
20 54 85
20 55 77
20 56 34
20 59 71
20 60 99
20 64 54
20 65 73
20 67 16
20 68 34
20 70 42
20 72 24
20 73 34
20 75 34
20 76 28
20 77 29
20 78 96
20 79 85
20 80 19
20 84 85
20 85 93
20 86 10
20 87 42
20 88 44
20 91 82
20 93 28
20 94 81
21 22 12
21 26 79
21 29 71
21 30 47
21 32 62
21 33 42
21 34 88
21 39 67
21 43 16
21 44 76
21 46 2
21 47 25
21 48 62
21 49 7
21 51 19
21 52 49
21 56 57
21 57 45
21 59 13
21 60 51
21 61 5
21 62 39
21 63 84
21 64 85
21 65 88
21 67 23
21 68 15
21 69 29
21 71 59
21 73 97
21 75 87
21 77 90
21 78 37
21 79 90
21 80 15
21 82 100
21 84 46
21 85 67
21 89 72
21 90 13
21 91 24
21 92 58
21 93 10
21 94 31
21 95 96
21 98 12
21 100 2
22 24 71
22 25 6
22 28 42
22 30 39
22 33 16
22 34 89
22 35 85
22 36 18
22 37 38
22 38 25
22 39 22
22 43 3
22 44 31
22 46 44
22 47 4
22 51 42
22 53 47
22 54 45
22 55 99
22 58 43
22 59 83
22 60 2
22 61 91
22 62 88
22 64 76
22 65 18
22 66 33
22 68 19
22 69 53
22 70 86
22 73 10
22 74 73
22 75 13
22 76 95
22 77 73
22 78 87
22 80 52
22 82 67
22 84 11
22 85 68
22 86 3
22 90 93
22 94 69
22 95 17
22 96 100
22 97 32
22 98 56
22 99 61
22 100 7
23 24 61
23 25 18
23 26 61
23 27 17
23 29 31
23 30 86
23 31 22
23 32 29
23 33 19
23 35 87
23 38 58
23 41 37
23 43 9
23 45 86
23 46 47
23 47 40
23 49 16
23 51 78
23 52 46
23 54 59
23 56 34
23 58 26
23 59 90
23 60 10
23 63 7
23 65 89
23 67 80
23 69 52
23 70 10
23 71 48
23 72 33
23 74 24
23 77 69
23 80 94
23 81 36
23 82 89
23 84 58
23 85 3
23 87 85
23 88 76
23 91 57
23 94 35
23 95 60
23 96 64
23 100 50
24 25 36
24 26 33
24 27 78
24 28 13
24 30 69
24 32 37
24 35 8
24 36 8
24 39 54
24 40 13
24 43 67
24 44 15
24 48 41
24 49 95
24 50 79
24 51 47
24 52 68
24 53 60
24 56 79
24 57 83
24 59 46
24 61 40
24 64 14
24 65 59
24 67 80
24 69 56
24 71 82
24 72 78
24 74 15
24 76 51
24 77 40
24 79 39
24 80 63
24 85 48
24 87 50
24 88 70
24 89 31
24 92 59
24 93 8
24 94 84
24 97 98
24 99 36
24 100 16
25 27 74
25 28 52
25 29 5
25 33 8
25 34 35
25 36 37
25 38 42
25 39 83
25 40 89
25 41 62
25 42 14
25 46 42
25 47 92
25 49 72
25 50 28
25 52 1
25 53 7
25 54 38
25 57 51
25 58 92
25 61 25
25 64 100
25 65 20
25 67 53
25 68 57
25 70 41
25 71 56
25 72 13
25 73 58
25 74 5
25 77 5
25 78 84
25 79 95
25 80 72
25 84 61
25 85 6
25 86 4
25 87 13
25 88 70
25 90 91
25 92 70
25 95 56
25 96 69
25 98 55
25 99 93
25 100 38
26 27 84
26 28 22
26 29 81
26 30 83
26 31 42
26 33 95
26 34 62
26 35 59
26 36 77
26 38 85
26 39 13
26 41 22
26 44 66
26 46 83
26 48 72
26 50 58
26 52 64
26 53 22
26 55 53
26 57 65
26 59 29
26 60 29
26 62 20
26 64 67
26 65 35
26 67 99
26 71 69
26 72 82
26 74 94
26 75 61
26 76 100
26 79 80
26 80 84
26 81 90
26 82 34
26 83 32
26 84 82
26 85 18
26 87 26
26 88 20
26 89 18
26 90 91
26 93 76
26 94 53
26 98 70
26 99 14
27 29 32
27 30 80
27 31 24
27 33 79
27 34 81
27 38 94
27 39 39
27 40 64
27 42 99
27 43 97
27 45 51
27 48 92
27 49 69
27 50 72
27 52 29
27 54 91
27 56 20
27 58 67
27 60 33
27 61 37
27 62 48
27 63 79
27 65 94
27 66 22
27 67 79
27 68 2
27 70 71
27 71 55
27 72 54
27 74 59
27 75 40
27 77 42
27 78 63
27 79 1
27 82 77
27 84 75
27 86 76
27 87 90
27 89 90
27 91 42
27 92 4
27 93 34
27 94 88
27 95 66
27 96 26
27 97 9
27 98 50
27 100 91
28 30 11
28 31 71
28 32 97
28 33 91
28 34 68
28 36 18
28 37 67
28 38 62
28 40 44
28 41 96
28 42 80
28 43 75
28 44 72
28 46 14
28 48 13
28 49 44
28 51 8
28 54 37
28 55 13
28 57 24
28 61 49
28 66 75
28 67 19
28 69 77
28 70 90
28 72 40
28 74 84
28 76 66
28 77 78
28 78 56
28 81 69
28 82 89
28 83 37
28 85 72
28 86 16
28 88 31
28 89 59
28 90 73
28 92 61
28 93 41
28 100 92
29 30 1
29 31 69
29 33 63
29 34 93
29 36 69
29 37 55
29 38 59
29 39 24
29 41 20
29 42 7
29 46 11
29 47 69
29 48 70
29 49 50
29 52 16
29 55 9
29 56 17
29 57 92
29 59 42
29 60 53
29 61 94
29 63 73
29 65 73
29 66 50
29 69 1
29 70 83
29 72 78
29 73 76
29 77 20
29 78 20
29 80 17
29 81 40
29 83 47
29 86 26
29 87 5
29 88 61
29 89 51
29 93 94
29 94 23
29 95 36
29 96 21
29 97 19
29 98 55
29 99 60
29 100 99
30 35 84
30 36 70
30 39 36
30 41 71
30 42 57
30 44 7
30 45 15
30 46 77
30 47 58
30 49 11
30 53 27
30 54 62
30 56 23
30 58 74
30 59 70
30 61 98
30 63 57
30 64 49
30 65 40
30 66 49
30 67 63
30 68 35
30 70 11
30 71 5
30 72 60
30 74 39
30 76 78
30 77 77
30 78 5
30 79 45
30 82 96
30 85 66
30 86 75
30 87 44
30 92 56
30 94 60
30 95 78
31 32 68
31 34 100
31 35 21
31 37 21
31 38 5
31 39 25
31 40 18
31 41 78
31 42 86
31 44 81
31 45 63
31 46 76
31 47 76
31 48 71
31 49 22
31 50 91
31 52 45
31 53 14
31 55 31
31 56 95
31 57 26
31 58 76
31 61 50
31 62 54
31 63 38
31 64 64
31 68 28
31 69 21
31 70 69
31 71 94
31 73 59
31 75 93
31 76 48
31 78 8
31 79 46
31 80 13
31 81 60
31 84 20
31 87 92
31 89 95
31 90 49
31 92 29
31 93 9
31 95 55
31 98 89
31 99 10
31 100 4
32 35 43
32 36 42
32 41 39
32 42 23
32 44 55
32 53 71
32 54 33
32 55 55
32 57 34
32 58 84
32 59 10
32 62 8
32 63 80
32 64 68
32 65 74
32 67 39
32 68 82
32 69 55
32 71 20
32 74 64
32 76 71
32 77 91
32 80 95
32 81 89
32 84 1
32 86 47
32 87 60
32 90 21
32 93 84
32 94 35
32 95 15
32 98 47
32 100 96
33 34 29
33 35 4
33 37 18
33 39 67
33 40 29
33 41 46
33 43 71
33 44 98
33 46 45
33 48 28
33 50 68
33 51 14
33 54 63
33 55 73
33 56 24
33 58 88
33 60 45
33 63 50
33 64 44
33 65 26
33 67 82
33 68 24
33 69 15
33 71 77
33 73 62
33 74 6
33 75 24
33 76 41
33 80 18
33 81 84
33 82 71
33 84 19
33 85 68
33 86 17
33 87 10
33 89 82
33 91 23
33 93 33
33 94 79
33 95 89
33 96 19
33 98 33
33 99 54
33 100 4
34 35 5
34 37 67
34 38 64
34 39 70
34 40 6
34 42 13
34 43 55
34 44 55
34 45 48
34 46 75
34 48 9
34 49 1
34 50 2
34 51 13
34 52 7
34 57 7
34 58 69
34 62 77
34 63 80
34 64 74
34 65 88
34 67 11
34 68 23
34 70 65
34 71 13
34 72 91
34 73 21
34 75 42
34 76 94
34 77 77
34 78 7
34 80 72
34 83 93
34 85 25
34 86 82
34 88 5
34 89 30
34 90 17
34 91 65
34 92 31
34 93 50
34 96 48
34 97 100
34 98 32
34 99 8
34 100 68
35 36 37
35 37 35
35 38 25
35 39 68
35 40 79
35 42 91
35 44 3
35 45 2
35 48 57
35 51 25
35 53 23
35 54 28
35 55 91
35 56 4
35 57 82
35 61 46
35 64 65
35 65 94
35 66 88
35 68 22
35 72 73
35 74 71
35 75 57
35 76 56
35 77 52
35 80 84
35 83 79
35 85 32
35 86 100
35 88 81
35 90 16
35 92 29
35 93 6
35 99 97
35 100 93
36 38 90
36 42 78
36 43 21
36 44 27
36 45 66
36 47 71
36 48 31
36 49 18
36 50 16
36 54 89
36 57 55
36 59 68
36 60 62
36 62 45
36 63 14
36 65 80
36 67 24
36 69 41
36 70 30
36 71 59
36 72 95
36 73 45
36 74 65
36 76 38
36 78 9
36 79 91
36 80 41
36 81 89
36 82 13
36 85 41
36 87 1
36 95 29
36 97 32
36 99 22
37 39 26
37 40 11
37 42 37
37 44 75
37 45 41
37 47 71
37 48 27
37 49 18
37 50 35
37 52 59
37 54 62
37 57 36
37 58 12
37 60 37
37 61 77
37 63 41
37 68 56
37 70 38
37 71 8
37 72 22
37 73 22
37 74 35
37 76 31
37 78 49
37 79 34
37 80 2
37 81 28
37 85 50
37 86 94
37 90 47
37 94 95
37 96 70
37 98 39
37 99 18
38 40 63
38 41 76
38 42 84
38 43 72
38 45 15
38 46 72
38 47 24
38 48 67
38 49 45
38 50 94
38 53 30
38 54 69
38 58 20
38 59 36
38 60 10
38 61 20
38 63 46
38 65 60
38 70 70
38 71 52
38 73 75
38 74 44
38 76 77
38 77 87
38 80 29
38 82 14
38 89 62
38 90 19
38 94 96
38 99 58
38 100 71
39 42 78
39 44 84
39 46 31
39 48 87
39 49 14
39 50 48
39 51 17
39 53 35
39 55 53
39 56 2
39 57 84
39 61 88
39 66 74
39 67 24
39 68 69
39 69 88
39 70 42
39 71 32
39 73 78
39 74 31
39 77 3
39 79 7
39 83 10
39 84 31
39 87 75
39 88 26
39 89 82
39 90 100
39 91 28
39 93 24
39 94 53
39 95 95
39 96 94
39 98 25
39 99 68
39 100 12
40 42 48
40 43 95
40 44 49
40 46 33
40 47 53
40 48 17
40 50 20
40 51 78
40 52 32
40 57 68
40 61 90
40 63 64
40 67 90
40 70 93
40 73 76
40 76 27
40 77 20
40 79 70
40 80 13
40 82 2
40 85 55
40 87 92
40 88 55
40 89 31
40 90 75
40 92 94
40 93 1
40 94 85
40 95 96
40 97 45
40 98 58
40 99 54
40 100 69
41 42 71
41 43 33
41 46 75
41 48 74
41 50 74
41 51 84
41 52 40
41 53 63
41 55 66
41 56 24
41 57 72
41 58 44
41 59 84
41 62 95
41 63 57
41 65 15
41 66 42
41 67 78
41 68 68
41 69 62
41 71 55
41 72 87
41 74 17
41 76 39
41 77 93
41 79 66
41 81 25
41 82 36
41 83 68
41 84 31
41 85 74
41 87 58
41 88 72
41 89 8
41 91 90
41 96 73
41 99 80
41 100 62
42 44 56
42 46 35
42 48 20
42 49 64
42 50 63
42 51 20
42 52 30
42 55 46
42 59 40
42 60 76
42 61 80
42 63 78
42 64 64
42 67 25
42 71 33
42 73 5
42 74 55
42 76 17
42 77 90
42 78 18
42 81 57
42 85 20
42 90 97
42 91 3
42 92 13
42 93 84
42 94 45
42 95 46
42 96 67
43 45 83
43 47 36
43 52 60
43 54 33
43 57 46
43 59 93
43 61 57
43 65 2
43 68 19
43 69 41
43 72 92
43 73 27
43 74 33
43 75 78
43 76 94
43 77 91
43 78 11
43 79 35
43 82 68
43 84 50
43 88 88
43 89 40
43 91 19
43 92 63
43 100 29
44 48 52
44 49 72
44 50 26
44 53 2
44 54 14
44 55 81
44 56 13
44 58 10
44 60 96
44 62 61
44 63 51
44 64 36
44 65 6
44 66 97
44 68 70
44 72 73
44 73 42
44 74 15
44 75 17
44 79 16
44 80 41
44 81 92
44 83 32
44 84 63
44 86 27
44 88 55
44 89 91
44 90 24
44 91 18
44 92 60
44 93 63
44 94 44
44 95 81
44 96 52
44 97 99
44 98 8
44 100 89
45 46 3
45 47 18
45 48 10
45 52 61
45 53 82
45 55 12
45 56 8
45 57 41
45 58 86
45 59 96
45 60 14
45 62 73
45 64 89
45 65 13
45 67 97
45 70 21
45 71 48
45 72 59
45 73 30
45 74 9
45 75 68
45 76 19
45 77 72
45 78 31
45 79 37
45 81 88
45 83 86
45 85 81
45 86 25
45 87 27
45 88 79
45 90 99
45 91 1
45 92 99
45 93 16
45 95 46
45 96 82
45 97 95
46 47 86
46 48 17
46 50 93
46 51 54
46 53 4
46 54 72
46 57 54
46 58 45
46 59 5
46 60 4
46 63 97
46 64 52
46 65 19
46 66 41
46 67 4
46 70 59
46 73 89
46 75 9
46 76 41
46 79 98
46 80 28
46 81 7
46 83 50
46 84 97
46 85 62
46 87 46
46 89 74
46 92 37
46 93 36
46 94 43
46 96 48
46 98 28
46 99 87
46 100 93
47 48 58
47 49 48
47 52 99
47 53 43
47 55 9
47 56 10
47 58 57
47 62 95
47 63 89
47 65 51
47 66 12
47 68 78
47 70 20
47 71 62
47 73 52
47 74 99
47 77 45
47 78 38
47 79 17
47 80 67
47 82 91
47 85 92
47 90 15
47 93 57
47 95 99
47 96 27
47 97 67
47 98 12
48 49 1
48 50 27
48 52 75
48 53 93
48 54 57
48 55 14
48 56 67
48 57 68
48 58 20
48 63 72
48 64 31
48 65 8
48 66 45
48 68 21
48 69 68
48 70 52
48 71 73
48 72 39
48 75 100
48 77 63
48 78 2
48 80 40
48 82 63
48 83 91
48 85 23
48 86 62
48 87 9
48 88 87
48 89 33
48 91 69
48 92 6
48 93 100
48 97 22
48 98 36
48 99 7
49 50 24
49 51 78
49 52 54
49 53 45
49 55 29
49 56 77
49 57 23
49 58 24
49 61 95
49 62 49
49 63 91
49 64 3
49 66 6
49 68 44
49 69 10
49 70 52
49 71 41
49 72 16
49 73 62
49 74 83
49 77 64
49 78 4
49 80 94
49 81 38
49 84 45
49 85 44
49 87 92
49 88 56
49 89 21
49 90 65
49 92 70
49 95 89
49 96 65
49 97 61
49 99 31
49 100 78
50 52 39
50 53 1
50 56 99
50 57 21
50 58 23
50 63 83
50 65 38
50 66 12
50 67 30
50 68 16
50 70 99
50 71 2
50 72 55
50 73 20
50 74 63
50 79 74
50 83 25
50 84 70
50 86 73
50 87 13
50 88 62
50 91 48
50 92 47
50 93 58
50 95 30
50 98 15
50 100 10
51 52 59
51 54 35
51 55 3
51 56 13
51 57 11
51 58 65
51 60 5
51 61 91
51 62 27
51 63 59
51 66 52
51 67 38
51 74 79
51 77 99
51 78 93
51 79 29
51 81 3
51 83 63
51 84 50
51 85 100
51 86 48
51 87 28
51 88 73
51 89 45
51 90 89
51 92 87
51 93 29
51 94 54
51 97 42
51 98 77
51 99 55
51 100 76
52 53 28
52 54 82
52 56 60
52 61 42
52 63 80
52 64 3
52 66 99
52 67 81
52 68 24
52 72 40
52 73 19
52 74 10
52 75 34
52 78 25
52 79 38
52 80 8
52 81 93
52 82 93
52 85 86
52 86 4
52 88 41
52 89 90
52 92 57
52 93 47
52 94 70
52 95 24
52 97 31
52 99 12
53 54 87
53 55 41
53 58 37
53 61 16
53 64 62
53 67 73
53 68 18
53 69 69
53 71 17
53 72 27
53 76 79
53 79 57
53 83 54
53 84 80
53 85 11
53 86 96
53 88 87
53 91 73
53 94 97
53 95 33
53 96 39
53 97 49
53 98 100
53 99 15
53 100 100
54 55 33
54 56 79
54 59 93
54 60 44
54 61 93
54 62 8
54 63 66
54 65 50
54 66 7
54 67 49
54 69 93
54 71 80
54 73 31
54 75 27
54 76 58
54 77 57
54 78 27
54 79 31
54 82 64
54 83 73
54 84 80
54 85 67
54 86 30
54 87 13
54 88 56
54 89 71
54 90 6
54 91 91
54 92 33
54 93 100
54 95 38
54 97 55
54 98 56
54 100 77
55 56 22
55 57 27
55 58 49
55 60 42
55 62 28
55 63 46
55 64 39
55 65 94
55 66 17
55 67 23
55 71 56
55 73 1
55 74 27
55 76 92
55 79 20
55 81 26
55 83 38
55 84 32
55 85 28
55 86 66
55 87 95
55 88 91
55 89 1
55 90 83
55 92 43
55 94 72
55 96 85
55 98 38
55 100 98
56 57 75
56 59 7
56 60 72
56 63 90
56 65 2
56 66 36
56 68 65
56 69 12
56 71 74
56 73 42
56 77 60
56 78 55
56 81 45
56 83 21
56 84 29
56 85 67
56 86 38
56 88 63
56 90 95
56 93 2
56 96 27
56 97 12
56 99 91
56 100 58
57 59 65
57 60 26
57 61 17
57 62 86
57 65 21
57 66 99
57 67 47
57 69 92
57 70 35
57 74 57
57 75 60
57 76 71
57 77 75
57 79 77
57 81 87
57 84 17
57 85 21
57 87 27
57 91 38
57 92 67
57 95 52
57 96 80
57 98 56
58 59 62
58 60 59
58 61 40
58 62 5
58 63 46
58 64 12
58 66 90
58 67 19
58 68 15
58 69 16
58 71 1
58 73 78
58 75 61
58 78 50
58 79 8
58 81 68
58 82 79
58 84 21
58 85 11
58 88 28
58 91 60
58 92 78
58 97 67
58 99 76
58 100 22
59 61 46
59 62 7
59 64 40
59 65 80
59 66 2
59 68 23
59 69 26
59 71 45
59 74 5
59 76 19
59 77 52
59 78 20
59 79 20
59 80 94
59 84 31
59 85 9
59 86 79
59 91 58
59 93 41
59 94 31
59 95 70
59 97 14
59 99 52
59 100 85
60 62 4
60 65 45
60 67 83
60 70 53
60 71 47
60 72 39
60 73 96
60 76 85
60 77 43
60 78 8
60 80 70
60 83 23
60 84 26
60 87 3
60 88 15
60 89 15
60 90 66
60 91 89
60 92 51
60 93 8
60 97 11
60 98 53
60 99 7
61 62 24
61 63 91
61 64 90
61 65 54
61 66 72
61 68 19
61 72 27
61 74 53
61 77 96
61 78 76
61 80 77
61 83 14
61 85 24
61 86 23
61 89 78
61 90 15
61 94 82
61 96 1
61 97 43
61 98 56
61 99 68
61 100 1
62 64 9
62 67 55
62 68 25
62 69 34
62 70 79
62 71 32
62 72 61
62 73 59
62 74 17
62 75 6
62 76 88
62 79 93
62 80 47
62 82 27
62 84 87
62 86 17
62 88 94
62 89 36
62 90 90
62 91 68
62 93 10
62 95 57
62 96 90
62 99 98
63 65 86
63 68 29
63 69 34
63 72 19
63 73 90
63 74 13
63 76 77
63 77 53
63 78 57
63 79 29
63 84 44
63 85 48
63 86 37
63 87 93
63 88 1
63 91 29
63 94 87
63 95 7
63 96 28
63 98 46
63 100 91
64 65 23
64 70 1
64 72 15
64 74 19
64 77 5
64 78 26
64 79 66
64 81 28
64 82 16
64 86 53
64 87 54
64 88 30
64 89 44
64 90 67
64 91 9
64 92 56
64 94 95
64 97 13
64 99 42
64 100 2
65 66 75
65 68 8
65 70 6
65 72 60
65 73 87
65 74 19
65 79 48
65 80 74
65 82 99
65 83 90
65 84 92
65 86 76
65 87 74
65 88 60
65 89 89
65 91 62
66 67 44
66 72 56
66 74 85
66 76 62
66 77 46
66 78 63
66 81 57
66 82 70
66 83 1
66 84 52
66 85 61
66 87 22
66 89 87
66 90 10
66 91 83
66 92 89
66 93 7
66 95 38
66 96 92
66 97 5
66 98 3
67 68 78
67 69 80
67 71 20
67 72 30
67 73 28
67 74 38
67 76 56
67 77 54
67 78 68
67 79 15
67 81 93
67 83 97
67 84 20
67 88 34
67 90 7
67 91 9
67 99 52
68 69 71
68 73 22
68 76 32
68 77 59
68 78 12
68 79 54
68 82 75
68 83 39
68 84 16
68 85 98
68 86 78
68 91 39
68 92 8
68 93 53
68 94 87
68 95 64
68 97 100
68 98 13
68 99 66
69 70 1
69 71 45
69 72 19
69 73 94
69 75 4
69 77 59
69 78 70
69 80 85
69 81 92
69 84 8
69 85 64
69 86 10
69 87 15
69 88 83
69 90 66
69 92 16
69 93 24
69 94 75
69 95 9
69 96 2
69 98 100
69 99 53
70 71 3
70 72 25
70 75 55
70 76 56
70 78 61
70 79 64
70 80 78
70 81 53
70 82 30
70 85 8
70 86 76
70 90 26
70 91 85
70 93 76
70 94 50
70 95 42
70 96 52
70 98 80
70 100 21
71 74 86
71 76 20
71 77 22
71 81 60
71 82 14
71 84 8
71 85 26
71 87 58
71 88 32
71 89 100
71 90 88
71 91 1
71 93 7
71 94 4
71 96 7
71 97 51
71 99 44
71 100 66
72 74 93
72 75 23
72 77 18
72 78 80
72 80 4
72 81 100
72 82 32
72 83 42
72 84 25
72 86 32
72 87 21
72 88 18
72 89 14
72 90 6
72 91 89
72 92 29
72 93 46
72 95 59
72 96 15
72 98 90
73 75 58
73 78 41
73 79 6
73 81 72
73 83 6
73 84 50
73 85 46
73 90 34
73 91 63
73 92 7
73 93 39
73 94 84
73 95 59
73 96 16
73 98 88
73 99 56
73 100 59
74 76 5
74 77 6
74 78 10
74 79 100
74 81 18
74 82 65
74 83 15
74 85 77
74 86 81
74 87 32
74 88 33
74 91 20
74 92 13
74 93 26
74 94 49
74 95 15
74 96 100
74 97 100
74 98 80
74 100 48
75 76 29
75 80 21
75 81 26
75 82 97
75 83 65
75 84 3
75 85 48
75 89 48
75 90 86
75 92 65
75 93 21
75 94 78
75 95 2
75 96 99
75 97 57
75 98 54
75 99 18
76 77 69
76 81 81
76 82 41
76 84 48
76 86 62
76 87 66
76 88 28
76 95 76
76 96 97
76 98 79
76 99 39
76 100 56
77 78 18
77 79 1
77 81 18
77 82 27
77 85 55
77 86 35
77 88 75
77 89 17
77 91 42
77 93 7
77 95 1
77 96 68
77 99 47
77 100 100
78 80 96
78 82 95
78 83 73
78 84 22
78 85 61
78 86 47
78 90 60
78 91 47
78 92 82
78 94 23
78 96 34
78 99 35
78 100 32
79 80 92
79 81 82
79 83 100
79 87 54
79 90 61
79 92 21
79 93 34
79 94 18
79 95 22
79 99 70
80 81 53
80 84 44
80 85 62
80 88 45
80 91 46
80 94 7
80 95 43
81 83 77
81 86 10
81 87 79
81 89 90
81 90 68
81 91 10
81 93 62
81 94 83
81 98 92
82 84 90
82 87 42
82 88 100
82 89 45
82 92 4
82 93 20
82 95 18
82 96 95
82 98 64
82 99 32
82 100 56
83 84 9
83 86 61
83 87 42
83 89 28
83 93 20
83 94 86
83 97 73
83 99 94
83 100 35
84 85 85
84 87 13
84 89 71
84 90 59
84 91 52
84 92 91
84 94 92
84 95 40
84 96 40
84 98 78
85 86 67
85 88 68
85 90 41
85 94 4
85 96 1
85 98 31
85 99 46
85 100 33
86 87 42
86 88 29
86 89 93
86 91 66
86 92 1
86 93 45
86 94 19
86 95 19
86 96 75
86 97 79
86 98 60
87 88 38
87 89 46
87 90 86
87 92 30
87 93 55
87 99 15
88 89 66
88 91 36
88 92 63
88 96 82
88 97 52
88 100 53
89 92 55
89 93 26
89 94 52
89 95 87
89 98 42
89 99 75
89 100 61
90 92 4
90 95 43
90 98 48
90 99 2
90 100 19
91 92 81
91 96 92
91 97 87
91 98 79
91 100 23
92 94 42
92 95 54
92 96 60
92 97 8
92 99 80
92 100 20
93 95 39
93 99 61
93 100 32
94 98 1
94 100 99
95 96 80
95 97 38
95 99 82
95 100 90
97 100 24
98 100 5
99 100 41
;
