# |V| = 44
# |E| = 596
# Prob((i,j)) = 0.600000

set V:=
1
2
3
4
5
6
7
8
9
10
11
12
13
14
15
16
17
18
19
20
21
22
23
24
25
26
27
28
29
30
31
32
33
34
35
36
37
38
39
40
41
42
43
44
;
param: E: w :=
1 2 98
1 3 33
1 4 14
1 5 24
1 6 22
1 7 31
1 8 36
1 9 85
1 10 80
1 11 69
1 12 28
1 13 65
1 14 21
1 15 45
1 16 96
1 17 91
1 18 100
1 19 90
1 20 1
1 21 42
1 22 4
1 23 39
1 24 87
1 25 88
1 26 61
1 27 9
1 28 6
1 29 62
1 30 82
1 31 46
1 32 85
1 33 72
1 34 79
1 35 44
1 36 45
1 37 82
1 38 30
1 39 59
1 40 96
1 41 25
1 42 58
1 43 50
1 44 29
2 3 35
2 4 95
2 5 61
2 6 16
2 7 36
2 8 47
2 9 44
2 10 10
2 11 14
2 13 35
2 14 98
2 16 66
2 17 32
2 18 18
2 19 58
2 20 31
2 21 1
2 23 53
2 24 6
2 25 71
2 26 42
2 27 13
2 28 86
2 29 41
2 30 33
2 33 97
2 34 59
2 36 87
2 44 44
3 6 19
3 10 44
3 12 70
3 13 45
3 14 9
3 15 85
3 16 3
3 17 52
3 20 4
3 23 24
3 25 46
3 27 88
3 28 74
3 30 65
3 31 35
3 32 28
3 34 40
3 35 77
3 37 87
3 38 39
3 40 31
3 41 99
3 42 61
3 43 96
4 5 44
4 6 40
4 7 63
4 8 53
4 9 88
4 10 81
4 11 21
4 13 38
4 14 38
4 15 49
4 18 47
4 19 19
4 20 66
4 21 3
4 26 37
4 27 46
4 28 83
4 29 38
4 31 48
4 32 31
4 34 54
4 37 78
4 38 67
4 41 31
4 42 54
4 43 6
4 44 50
5 6 40
5 7 10
5 9 59
5 10 48
5 11 3
5 12 23
5 14 9
5 15 97
5 16 93
5 18 6
5 19 6
5 23 41
5 25 16
5 26 51
5 27 48
5 29 46
5 30 23
5 31 16
5 34 86
5 35 96
5 36 48
5 37 71
5 38 47
5 39 75
5 40 90
5 41 22
5 43 84
6 7 9
6 10 93
6 11 32
6 12 17
6 13 60
6 14 81
6 17 35
6 18 75
6 20 63
6 21 49
6 23 85
6 24 7
6 25 57
6 27 21
6 28 32
6 29 93
6 34 69
6 35 98
6 36 46
6 37 44
6 39 26
6 41 7
6 42 98
6 43 42
6 44 10
7 8 80
7 9 26
7 10 52
7 11 91
7 12 81
7 14 99
7 15 37
7 17 90
7 21 70
7 22 52
7 23 94
7 24 73
7 25 31
7 26 25
7 27 88
7 28 71
7 31 41
7 33 25
7 37 65
7 38 6
7 40 45
7 42 19
7 44 14
8 9 95
8 11 41
8 13 21
8 14 48
8 16 86
8 17 26
8 18 64
8 19 52
8 20 72
8 23 90
8 25 52
8 26 66
8 27 67
8 28 23
8 32 49
8 33 28
8 34 69
8 35 90
8 36 38
8 37 48
8 39 55
8 41 20
8 42 85
8 43 67
8 44 67
9 10 7
9 11 16
9 12 39
9 13 99
9 14 34
9 15 7
9 16 59
9 17 74
9 18 65
9 20 79
9 22 20
9 23 64
9 25 38
9 26 58
9 28 53
9 29 48
9 32 30
9 35 88
9 36 40
9 39 30
9 40 88
9 41 25
9 44 11
10 13 46
10 17 78
10 18 52
10 20 85
10 21 10
10 24 57
10 27 39
10 29 44
10 32 38
10 34 18
10 35 29
10 38 44
10 40 67
10 41 20
10 42 45
10 43 62
10 44 28
11 15 82
11 16 63
11 17 6
11 19 61
11 24 40
11 25 6
11 26 92
11 28 4
11 29 47
11 32 73
11 33 90
11 34 6
11 36 1
11 37 38
11 38 22
11 41 90
11 44 63
12 13 9
12 15 64
12 16 93
12 17 45
12 18 83
12 19 6
12 20 35
12 21 48
12 24 9
12 27 24
12 28 99
12 33 2
12 37 66
12 39 78
12 40 54
12 41 92
12 42 90
12 43 55
12 44 76
13 15 80
13 17 14
13 22 99
13 24 66
13 27 88
13 28 54
13 29 82
13 32 75
13 35 13
13 36 44
13 37 61
13 38 94
13 39 96
13 40 95
13 42 83
13 43 45
13 44 20
14 17 66
14 19 9
14 20 84
14 22 72
14 24 5
14 25 89
14 27 69
14 28 94
14 30 65
14 31 49
14 33 16
14 36 94
14 37 49
14 39 30
14 41 70
14 44 49
15 16 83
15 19 100
15 20 28
15 22 63
15 23 35
15 24 54
15 25 51
15 26 90
15 27 99
15 28 94
15 30 46
15 31 95
15 32 55
15 38 99
15 40 87
15 41 75
15 44 92
16 19 63
16 21 93
16 22 32
16 29 75
16 32 71
16 33 66
16 34 45
16 35 48
16 36 12
16 37 51
16 38 60
16 43 91
17 19 86
17 23 70
17 24 65
17 25 59
17 27 72
17 28 79
17 29 77
17 30 7
17 31 16
17 33 43
17 34 60
17 35 75
17 36 12
17 38 54
17 39 97
17 43 100
18 19 24
18 20 41
18 21 35
18 22 22
18 23 67
18 24 47
18 27 88
18 30 98
18 31 31
18 33 32
18 34 17
18 35 40
18 36 95
18 37 95
18 38 39
18 40 8
18 42 49
18 43 28
18 44 81
19 20 19
19 22 58
19 23 96
19 27 18
19 29 63
19 30 14
19 34 56
19 35 14
19 37 49
19 38 85
19 39 65
19 40 82
19 41 3
19 42 33
19 43 18
20 21 90
20 22 66
20 23 37
20 24 88
20 25 96
20 26 17
20 27 54
20 29 28
20 30 13
20 31 33
20 32 17
20 35 27
20 36 60
20 37 70
20 38 98
20 39 20
20 43 73
21 23 77
21 25 50
21 26 61
21 28 15
21 29 66
21 30 74
21 33 60
21 34 57
21 35 85
21 38 66
21 39 26
21 42 69
21 44 25
22 24 25
22 26 30
22 27 98
22 28 85
22 29 62
22 30 7
22 31 18
22 35 48
22 40 40
22 41 62
22 42 51
22 43 34
22 44 68
23 24 97
23 25 63
23 26 69
23 27 89
23 29 56
23 32 16
23 33 82
23 34 89
23 37 20
23 38 74
23 39 70
23 41 59
23 42 59
23 44 71
24 26 37
24 29 45
24 30 75
24 31 83
24 34 55
24 35 24
24 40 23
24 41 65
24 42 27
24 43 17
24 44 42
25 26 40
25 27 34
25 28 5
25 30 86
25 31 3
25 33 5
25 37 21
25 41 5
25 42 10
25 43 31
26 27 14
26 28 74
26 29 4
26 30 5
26 31 61
26 32 65
26 33 25
26 34 57
26 35 8
26 36 22
26 38 24
26 39 82
26 40 54
26 42 23
26 43 38
27 32 50
27 35 71
27 36 56
27 40 83
27 42 57
28 29 47
28 30 49
28 32 13
28 33 87
28 34 96
28 36 99
28 37 56
28 38 19
28 39 59
28 40 7
28 43 70
29 30 67
29 31 56
29 32 23
29 33 6
29 35 60
29 37 63
29 38 26
29 40 65
29 41 1
29 44 44
30 31 9
30 32 8
30 33 22
30 35 88
30 37 4
30 40 35
30 42 50
30 43 89
30 44 6
31 32 38
31 33 86
31 35 19
31 36 67
31 39 96
31 40 13
32 33 68
32 34 14
32 35 14
32 36 2
32 38 98
32 39 46
32 41 54
32 42 86
33 36 21
33 37 81
33 39 32
33 40 88
33 41 80
33 43 53
33 44 60
34 35 31
34 37 82
34 38 35
34 40 5
34 41 1
34 42 81
34 44 90
35 36 48
35 38 86
35 39 90
35 40 16
35 43 69
36 37 88
36 39 89
36 40 50
36 41 58
36 43 80
36 44 70
37 39 9
37 40 67
37 43 95
37 44 89
38 39 2
38 40 74
38 42 99
38 44 92
39 40 56
39 41 28
39 42 79
39 43 4
39 44 89
40 42 94
40 43 37
41 42 87
41 43 100
42 44 24
;
