# |V| = 39
# |E| = 472
# Prob((i,j)) = 0.600000

set V:=
1
2
3
4
5
6
7
8
9
10
11
12
13
14
15
16
17
18
19
20
21
22
23
24
25
26
27
28
29
30
31
32
33
34
35
36
37
38
39
;
param: E: w :=
1 2 74
1 3 73
1 4 45
1 5 74
1 6 45
1 7 13
1 8 16
1 9 40
1 10 11
1 11 42
1 12 88
1 13 60
1 14 14
1 15 37
1 16 26
1 17 31
1 18 71
1 19 7
1 20 32
1 21 6
1 22 74
1 23 34
1 24 54
1 25 70
1 26 43
1 27 52
1 28 25
1 29 60
1 30 77
1 31 47
1 32 56
1 33 40
1 34 23
1 35 11
1 36 13
1 37 30
1 38 51
1 39 37
2 5 28
2 6 79
2 8 94
2 10 58
2 11 42
2 13 93
2 15 81
2 16 34
2 17 31
2 19 19
2 23 46
2 24 18
2 26 65
2 27 41
2 28 25
2 29 59
2 30 49
2 31 53
2 32 48
2 37 97
2 39 37
3 5 62
3 7 99
3 8 29
3 9 87
3 10 78
3 11 44
3 13 44
3 16 79
3 18 98
3 19 23
3 20 67
3 21 8
3 22 26
3 23 61
3 24 53
3 26 45
3 28 41
3 29 53
3 30 17
3 32 62
3 34 4
3 35 12
3 36 82
3 38 33
3 39 99
4 7 44
4 8 79
4 9 95
4 10 78
4 11 68
4 12 14
4 14 82
4 17 12
4 19 81
4 21 51
4 24 90
4 28 48
4 31 83
4 32 68
4 34 30
4 36 21
4 37 26
5 6 38
5 7 7
5 8 4
5 11 43
5 12 45
5 14 35
5 16 6
5 18 21
5 20 35
5 22 33
5 25 10
5 26 39
5 30 70
5 33 14
5 34 66
5 36 32
5 37 39
5 39 56
6 7 79
6 9 28
6 10 60
6 11 52
6 12 73
6 13 6
6 14 60
6 15 76
6 18 7
6 19 14
6 20 86
6 24 90
6 25 15
6 29 39
6 31 93
6 35 89
6 36 77
6 37 100
6 38 53
7 8 13
7 9 95
7 13 95
7 15 37
7 16 39
7 17 12
7 18 94
7 19 73
7 21 41
7 23 24
7 26 23
7 28 74
7 29 23
7 30 91
7 33 20
7 35 13
7 38 38
7 39 71
8 9 68
8 11 88
8 13 42
8 14 6
8 15 50
8 18 62
8 19 94
8 20 1
8 21 56
8 22 27
8 25 50
8 26 90
8 27 80
8 29 1
8 30 33
8 32 54
8 34 41
8 35 57
8 36 86
8 37 91
8 38 44
8 39 78
9 12 1
9 15 77
9 16 60
9 17 59
9 18 44
9 19 26
9 20 98
9 23 41
9 24 33
9 25 45
9 26 71
9 27 34
9 29 84
9 30 91
9 36 63
9 39 69
10 11 37
10 12 24
10 13 87
10 14 86
10 15 21
10 16 61
10 17 16
10 18 42
10 19 100
10 20 80
10 21 19
10 22 8
10 23 45
10 24 49
10 25 60
10 26 62
10 28 41
10 29 59
10 30 13
10 32 35
10 33 93
10 34 45
10 35 92
10 36 5
10 38 56
10 39 87
11 13 76
11 15 31
11 16 47
11 18 80
11 19 50
11 20 83
11 21 77
11 22 63
11 25 2
11 26 2
11 28 45
11 31 31
11 32 96
11 33 31
11 34 84
11 35 25
11 37 60
11 38 75
11 39 62
12 15 11
12 16 24
12 20 1
12 25 98
12 26 43
12 27 24
12 29 11
12 36 40
12 37 86
12 39 13
13 15 71
13 16 48
13 19 72
13 21 76
13 22 84
13 23 28
13 24 89
13 25 80
13 26 99
13 27 12
13 30 61
13 31 76
13 32 38
13 34 7
13 36 35
13 37 45
14 15 16
14 19 93
14 23 61
14 26 7
14 28 73
14 30 20
14 31 38
14 33 56
14 34 24
14 36 67
14 37 9
14 38 91
15 17 16
15 18 33
15 19 26
15 20 78
15 21 86
15 22 61
15 24 11
15 28 33
15 29 86
15 30 79
15 31 46
15 32 18
15 34 38
15 35 91
15 36 51
15 37 93
15 38 77
15 39 23
16 17 43
16 18 57
16 21 67
16 22 38
16 23 81
16 24 100
16 25 89
16 26 66
16 27 52
16 30 56
16 31 67
16 32 76
16 33 68
16 36 44
16 37 54
16 39 87
17 18 10
17 20 29
17 21 84
17 22 67
17 23 96
17 24 62
17 25 29
17 26 28
17 27 84
17 28 6
17 30 62
17 32 61
17 34 58
17 36 98
17 37 79
17 38 8
17 39 45
18 20 67
18 21 9
18 22 26
18 24 52
18 25 16
18 27 42
18 31 96
18 37 45
18 39 28
19 20 60
19 21 87
19 22 39
19 26 54
19 27 21
19 29 90
19 30 14
19 32 22
19 33 36
19 34 50
19 35 53
19 36 84
19 39 77
20 21 25
20 22 62
20 26 47
20 27 65
20 28 2
20 31 42
20 32 44
20 34 68
20 35 84
20 36 87
20 37 45
20 38 57
21 22 94
21 23 66
21 24 47
21 25 64
21 26 28
21 28 5
21 29 96
21 32 14
21 34 83
21 35 21
21 36 33
21 37 18
21 38 55
21 39 10
22 23 15
22 24 78
22 26 52
22 29 87
22 30 67
22 31 53
22 32 28
22 33 46
22 34 66
22 36 84
22 37 89
22 38 47
23 26 66
23 27 46
23 28 47
23 29 29
23 31 35
23 32 78
23 34 67
23 36 72
23 38 22
23 39 17
24 25 33
24 26 7
24 27 47
24 31 77
24 32 9
24 33 16
24 36 65
24 38 58
24 39 4
25 27 51
25 28 26
25 30 22
25 32 49
25 34 95
25 36 80
25 37 45
25 39 55
26 27 94
26 28 89
26 29 35
26 30 45
26 31 2
26 32 81
26 33 83
26 34 84
26 35 72
26 36 70
26 37 32
26 38 14
27 28 38
27 29 73
27 30 74
27 31 58
27 32 59
27 34 60
27 36 20
28 29 97
28 31 9
28 33 36
28 35 93
28 37 31
28 39 20
29 30 73
29 32 81
29 33 54
29 34 22
29 37 40
29 38 69
30 31 90
30 32 84
30 33 6
30 34 12
30 35 91
30 36 25
30 37 19
31 38 1
31 39 53
32 33 52
32 34 4
32 35 24
32 37 51
32 38 85
33 34 5
33 35 30
33 36 44
33 37 46
34 35 82
34 38 95
35 36 55
35 37 12
35 39 3
36 39 34
37 39 9
38 39 28
;
