52
880 370 300 105 722 644 696 666 961 431 733 325 123 1046 73 773 638 754 674 912 563 1200 549 843 1086 436 775 1010 724 276 242 175 553 1001 859 991 960 138 82 327 797 813 1015 580 1059 1101 243 633 402 1137 312 428 
106 191 396 171 606 489 1079 13 135 106 594 282 866 1088 234 1188 585 59 1160 431 847 12 278 539 158 467 436 1191 366 887 442 855 165 781 1028 417 1211 1003 286 376 912 1006 1161 115 1061 109 276 120 1176 198 843 630 
369 1067 485 407 768 581 1201 407 697 425 360 471 1212 1136 454 1135 166 732 41 1035 896 295 531 1119 38 350 180 20 36 708 940 762 1 957 433 1019 235 501 395 1121 488 631 1141 223 1191 815 1140 492 758 1155 1119 467 
396 432 980 452 314 492 861 987 506 578 277 961 569 494 1062 838 269 806 549 877 1089 688 93 155 1220 537 62 119 26 648 572 1200 103 788 311 340 242 758 349 631 617 881 144 153 1109 803 551 729 330 136 1012 1148 
1040 1071 1211 1065 1037 376 655 1124 569 1156 439 828 139 252 1056 1062 560 694 340 766 440 1211 377 947 742 347 325 175 329 190 795 212 771 701 1172 1209 358 581 148 1166 180 482 887 284 769 501 264 1029 750 68 640 423 
318 1168 292 1162 18 869 10 642 1094 1159 907 181 1201 216 354 654 85 947 291 1028 1190 960 182 283 277 1118 387 141 474 533 877 1041 289 756 190 588 862 979 7 536 222 347 519 56 124 287 255 190 209 955 882 980 
559 133 295 61 596 1000 86 589 892 200 233 212 1107 18 726 318 565 419 687 88 754 565 881 86 1198 935 667 970 268 487 1061 851 608 1157 129 1005 705 923 35 129 1221 661 42 213 907 624 1006 1118 898 656 715 911 
369 422 1183 687 338 486 624 122 846 808 1052 1165 547 797 982 92 1068 294 1099 352 494 1154 763 39 168 544 667 1180 752 216 1082 75 730 234 66 758 1096 493 295 121 410 802 176 803 432 73 440 659 1143 359 238 968 
485 704 351 1009 282 926 963 148 302 1019 84 457 584 633 558 1182 474 301 842 392 1143 1038 404 619 963 1047 213 280 47 161 1202 866 1150 691 581 524 329 594 1089 1039 802 396 175 772 727 777 916 366 984 429 876 1157 
787 66 1032 462 588 1087 200 842 1181 484 1035 464 264 816 853 1088 891 146 607 771 206 981 287 214 926 404 239 677 900 826 646 613 169 290 394 565 1033 207 171 791 934 830 238 263 634 1161 192 487 333 594 649 426 
1015 572 1224 189 286 1172 175 235 809 299 266 632 1208 942 2 584 832 598 530 210 605 975 1077 822 74 1095 788 6 880 147 189 601 497 889 622 930 463 139 258 960 239 244 304 744 804 1076 888 38 1183 506 221 813 
962 417 1018 204 423 769 411 299 281 373 543 1113 229 1058 123 328 246 1025 599 472 1016 1070 119 214 749 247 736 775 1023 472 10 1104 396 1074 288 620 94 812 337 654 253 563 1222 200 1050 798 115 365 1021 272 570 681 
534 1215 137 1054 1103 516 363 689 372 299 42 150 682 732 890 605 252 894 599 509 715 671 234 455 1164 447 8 387 82 49 1141 297 231 465 1073 1044 322 28 399 379 1068 785 193 847 767 285 1189 738 1143 39 898 257 
238 588 1058 986 92 1040 900 211 1032 305 945 665 352 209 321 1107 1010 980 783 250 910 588 8 627 10 34 1057 472 1135 433 110 1007 500 1093 1217 777 565 608 1160 9 846 938 152 1138 408 138 93 458 699 1003 927 733 
522 443 218 95 1139 938 187 878 1027 676 864 1087 145 472 412 772 274 1059 161 7 171 1113 1046 278 596 215 583 42 921 500 491 246 931 499 187 534 931 1187 1134 276 1168 1038 552 1073 192 648 224 1161 853 376 924 22 
35 662 1210 301 1017 618 674 348 230 611 998 649 85 482 351 754 442 322 1199 266 849 1017 1061 15 926 51 1205 724 728 225 693 74 210 20 1170 86 642 536 401 261 151 545 1035 141 795 454 198 40 312 430 593 672 
948 775 175 784 478 113 601 494 60 84 638 636 87 475 1067 8 7 648 175 817 160 981 991 750 65 1136 6 302 1223 217 521 246 872 153 1170 117 1036 957 1219 1017 1078 995 836 135 647 720 655 910 889 637 152 72 
1071 107 507 452 890 149 359 672 1026 544 710 924 877 156 68 849 127 1143 1067 688 604 845 836 631 179 327 287 537 816 1070 827 889 1172 96 707 759 1173 43 305 849 779 1077 546 346 407 352 408 735 300 354 1097 302 
368 368 780 577 1095 333 615 736 728 223 647 69 755 719 892 910 750 787 265 131 713 47 645 889 998 1132 556 142 1105 228 1179 438 723 539 1194 155 865 1041 1092 22 71 960 902 186 174 1063 232 959 636 920 440 289 
628 285 491 1038 537 464 664 310 157 484 864 1098 607 590 1030 609 725 298 967 1099 187 1042 960 811 1169 887 746 1050 177 288 185 420 852 105 566 361 435 384 975 668 881 112 1177 903 555 280 744 857 304 191 170 715 
88 262 565 895 530 291 795 812 220 777 1178 392 245 479 878 90 147 18 196 737 448 164 757 695 336 272 232 509 94 780 1107 895 952 16 1025 592 40 63 835 53 258 1151 434 509 1103 473 1147 957 89 409 148 372 
373 951 983 964 217 130 520 46 208 718 866 239 662 117 724 1138 862 932 1074 111 331 255 33 531 763 644 1171 46 933 1111 736 212 906 1224 941 676 900 14 1216 939 304 10 776 843 117 1140 1039 1065 644 205 987 596 
472 987 721 822 1023 276 168 1054 664 486 443 701 120 234 1199 837 97 580 1071 839 332 397 234 584 6 55 477 714 573 801 5 809 90 562 663 18 222 796 783 802 968 457 838 139 669 123 1216 295 1055 1037 219 552 
92 172 1077 122 1125 387 788 87 832 210 199 1184 610 1171 929 1099 631 925 1185 883 1043 959 421 761 740 185 121 985 797 815 922 707 1022 1172 1023 691 376 235 8 82 180 524 1212 652 408 1204 128 109 284 1031 1180 1009 
342 1117 581 870 1212 1024 132 280 887 517 1108 517 504 34 637 1050 414 595 132 45 144 493 606 768 492 692 992 70 1172 192 558 1001 184 176 347 721 65 497 1147 584 1197 846 1016 478 44 57 961 357 122 658 961 508 
906 280 414 713 327 794 1076 688 314 771 500 495 665 966 524 336 728 301 91 754 951 1177 144 951 457 904 161 786 1215 469 876 564 391 546 843 1219 8 15 1025 894 80 402 922 256 636 216 1204 781 969 855 1030 278 
283 954 820 998 1068 159 128 1214 419 1063 196 754 209 697 383 1070 715 943 884 937 1173 467 1016 1145 265 132 460 491 312 1013 632 125 643 497 809 1175 74 172 709 770 82 651 206 195 59 45 918 1066 495 45 1223 697 
914 266 1052 498 518 809 243 1116 148 803 360 800 808 211 3 481 654 319 280 287 1020 337 942 6 439 163 1004 948 438 1025 1195 512 642 472 337 829 128 141 1033 946 158 610 489 1147 692 115 114 1205 1168 1190 1074 79 
147 255 827 691 489 230 763 467 384 1112 415 579 898 444 471 251 997 795 1160 997 712 761 1142 554 674 528 15 1195 723 884 1193 268 369 357 150 712 1198 1146 1061 324 583 793 95 563 1079 192 589 482 549 528 1224 1088 
947 504 880 946 702 1006 1030 117 1020 66 221 628 738 1115 53 673 583 36 229 1092 1110 402 1000 669 988 223 5 862 1052 1216 611 239 1004 177 917 276 1093 1094 388 812 936 1016 186 165 1103 1150 724 940 520 791 287 479 
789 701 633 556 16 842 569 97 734 27 484 763 1179 954 994 481 383 778 1093 270 1097 1063 856 994 721 481 273 764 687 393 1142 855 831 894 451 116 7 820 554 680 1127 356 24 887 973 1203 137 127 200 1195 382 1049 
333 809 984 1220 943 650 859 1083 1219 662 267 424 872 851 755 1021 1183 237 281 660 1034 465 461 1098 77 593 1021 1013 864 95 997 647 235 996 608 479 611 166 886 915 114 1027 1134 910 569 863 146 1047 874 627 1074 1039 
82 286 1083 557 224 545 52 671 854 928 483 215 793 351 1051 140 140 523 1098 225 441 13 1214 475 309 209 159 16 635 328 157 670 438 534 703 323 368 398 404 446 249 598 359 365 368 331 488 281 338 100 995 514 
389 680 992 105 735 467 796 897 583 142 593 1220 980 42 1111 347 1141 217 489 567 548 611 944 1185 476 798 1103 605 1047 575 728 1116 193 250 868 959 573 99 407 1161 35 253 3 203 449 225 903 386 1178 1102 445 1052 
51 311 441 962 500 1112 682 543 664 691 442 1212 469 954 621 123 255 1056 820 1068 996 1112 497 1147 401 1069 391 683 1122 624 499 866 489 453 175 92 526 247 40 390 990 250 844 455 1098 317 1218 944 328 967 166 889 
1072 470 558 51 670 702 105 126 434 541 131 1054 1219 688 443 904 1051 1222 245 1032 658 839 681 915 616 725 283 566 506 669 127 554 25 89 743 254 1159 673 699 594 501 1105 521 436 1156 897 912 270 681 51 201 687 
1050 140 819 479 691 88 756 559 820 611 955 894 160 715 26 818 567 52 446 827 1064 642 449 1011 1037 1127 309 1073 527 618 913 82 434 292 121 11 27 786 593 158 853 136 256 44 1210 1179 866 756 693 1066 915 323 
325 56 630 1178 284 748 1002 1069 1185 602 191 885 882 937 899 227 1060 931 299 267 1099 305 781 1220 710 194 44 263 790 1152 98 885 1076 1137 342 340 1004 310 1199 1215 268 573 42 305 39 61 767 864 238 720 237 316 
1090 1125 777 665 670 257 388 1193 930 179 983 958 720 943 796 723 25 201 383 924 813 865 823 1126 770 430 71 184 487 1155 361 1182 705 704 1071 784 468 925 1182 519 331 240 804 33 48 1100 320 1155 1086 206 519 927 
760 248 871 783 466 845 768 722 320 463 1064 356 412 433 208 828 625 145 1086 350 138 220 685 8 386 251 123 438 1050 797 610 352 305 764 1013 893 1098 639 334 1148 1013 677 166 510 472 743 185 1001 199 217 588 877 
1095 306 598 24 1037 261 306 6 211 702 619 909 130 1211 1036 852 536 136 927 282 19 255 894 541 552 985 947 587 753 163 482 480 0 727 720 598 918 1088 83 786 469 1137 292 128 347 708 824 17 995 986 367 198 
693 913 1177 922 100 702 729 822 802 813 840 860 595 468 306 542 807 543 122 314 17 598 739 322 6 892 66 220 435 808 622 1133 263 94 772 194 945 517 883 1078 938 785 104 1069 539 361 893 579 175 702 352 893 
581 820 882 610 490 984 6 416 1060 5 709 1208 63 125 406 392 1097 383 4 846 419 250 678 819 1114 537 73 200 581 0 570 74 122 305 71 545 666 909 1101 882 635 576 567 114 738 950 330 430 122 892 725 451 
1101 601 760 479 651 928 214 1056 607 341 242 921 1188 700 809 38 405 740 852 580 832 715 48 312 936 498 580 201 812 292 1213 350 678 593 842 124 368 425 300 341 15 329 938 365 1092 1022 991 1087 1102 912 1038 997 
172 431 795 1006 1060 553 1068 647 810 782 1204 1220 1206 263 134 903 1100 716 597 403 24 697 642 577 273 869 122 512 220 198 943 645 364 546 417 55 240 318 1052 103 887 232 390 211 127 915 395 363 1063 347 294 650 
701 559 890 895 619 1034 1070 410 552 845 72 907 294 879 1071 103 590 305 588 888 982 1019 1040 803 85 639 106 374 510 526 81 53 542 563 76 979 459 397 26 232 632 735 1149 378 468 580 12 987 112 94 972 1009 
919 1128 995 611 978 594 527 1178 335 244 823 985 391 225 150 644 99 935 950 1104 1004 346 6 331 695 174 183 122 115 1162 409 140 710 284 613 463 165 80 41 518 865 603 553 704 446 546 382 343 686 1210 1022 970 
1041 581 1043 944 229 1105 96 39 295 1097 473 628 981 893 160 528 1031 500 166 1138 868 257 212 797 208 440 850 284 1119 346 763 109 671 679 761 113 350 1092 15 27 427 1188 75 904 1169 439 536 446 958 748 1004 194 
869 1094 838 718 369 839 415 109 897 1165 783 394 554 418 1091 495 326 1136 1184 975 1171 1163 1178 822 90 898 243 1162 961 662 1110 466 69 208 375 630 896 811 677 1220 82 1156 49 943 136 738 813 912 276 811 248 784 
1124 254 1115 1190 978 696 591 1127 946 1189 43 546 435 285 1147 1037 271 1024 727 301 522 225 874 1184 776 997 918 281 725 1080 1023 528 265 77 970 1019 1018 476 282 2 834 1120 546 573 805 953 185 556 158 611 1048 576 
969 564 1033 283 133 421 931 553 684 214 869 941 67 838 318 137 718 488 924 818 1196 1202 226 1127 304 157 205 1154 303 202 491 1094 110 455 274 1136 842 466 689 408 76 212 732 546 1135 352 357 813 225 266 793 815 
51 581 1025 1062 714 298 149 491 674 1026 1009 363 9 1028 630 1089 771 1024 114 649 816 289 983 449 896 336 285 827 523 1102 777 1093 410 474 918 1211 235 485 949 1033 1178 433 329 527 66 394 133 942 720 164 1089 557 
10 40 34 30 11 39 6 14 27 2 31 24 5 3 33 44 38 21 35 17 12 37 1 41 51 45 19 25 52 47 18 28 36 16 49 9 32 48 8 7 20 13 26 23 46 22 29 42 50 15 43 4 