79
1576 1380 1462 1958 1407 1494 1915 839 1989 403 642 1481 1897 35 1028 679 1051 1202 1023 471 213 1993 473 1090 827 36 1016 163 1334 821 107 1413 1718 580 1829 478 1775 1671 806 104 1190 204 988 191 491 273 1637 575 887 1605 129 307 624 2020 1006 1166 784 488 485 479 562 1988 1036 1132 1627 1557 776 769 2043 1920 1934 1228 1734 89 1024 586 1385 1997 1731 
1864 481 1474 1107 442 2003 1025 1965 1468 937 729 95 817 1809 1760 1670 447 789 225 1718 1185 1718 1814 1345 755 1146 181 1118 1794 683 465 1814 247 1193 203 1260 1848 1024 765 1124 686 329 1773 1892 1719 2 3 834 35 1859 1330 718 1433 724 1587 537 179 1655 1144 1557 1010 786 1174 371 1403 1231 1246 77 1333 925 1929 427 195 1450 518 28 218 698 1144 
1081 1190 1045 1620 342 1555 162 2043 238 1551 1942 1389 343 59 442 1033 144 384 704 31 1989 1344 1764 3 259 433 1867 1750 903 99 949 936 1198 1644 325 44 770 1628 1409 1152 48 336 1158 749 1793 1724 1308 376 146 373 137 1409 876 855 1181 1464 1350 531 1350 256 277 888 963 1210 1478 676 1242 994 132 497 2010 1279 250 315 1142 731 104 1304 1356 
1776 1190 1717 1637 420 746 1374 1618 416 116 737 911 104 1650 1758 811 1407 45 946 1186 1831 1004 942 980 214 1260 1581 378 217 1957 989 1536 173 1977 448 659 1779 1602 931 507 1894 1300 1983 208 875 454 1224 427 2015 2016 1275 1850 464 334 1507 417 1596 1298 1253 1356 1894 1384 1513 1012 1212 979 1973 407 1824 516 1616 530 183 891 1269 1105 81 1374 265 
881 609 1153 1473 802 515 1262 95 1518 1504 672 1846 1872 1781 981 632 265 819 906 123 1369 1090 2015 1180 452 777 1728 990 839 344 1499 21 516 269 1664 90 1105 652 1290 40 308 1665 1504 246 697 1892 1265 962 411 85 1369 1760 1260 1272 1408 842 1826 1750 1432 202 1130 1623 1894 1531 1147 1359 405 1933 1438 1034 400 1740 442 200 719 750 1092 351 1696 
1623 1500 1063 146 1719 354 1986 703 947 15 1770 1276 2011 689 943 1504 598 1134 1199 741 67 436 2034 123 1477 309 1224 1106 1038 547 119 753 285 478 1634 651 1825 882 1235 1480 29 1405 673 343 1031 575 489 411 1974 617 152 1157 539 1535 886 386 1011 971 1258 1749 1656 1316 99 6 1465 1625 89 455 1394 879 761 1571 286 1199 1236 746 1960 248 1381 
1107 107 1645 1899 205 983 1593 548 1415 1241 1839 1319 1405 546 1758 1923 787 1816 250 1748 677 662 1106 1709 117 1925 580 1149 2021 770 1284 1845 893 1398 973 179 466 235 1760 712 1689 581 661 502 1561 1769 1923 908 1355 484 362 175 2039 152 1048 39 363 42 517 1366 301 543 1339 62 1645 1457 1720 262 1590 55 1678 2013 1237 1 1269 1264 1088 344 805 
285 557 1653 132 916 1935 1042 979 59 1588 1269 65 773 493 1723 139 1581 63 745 1188 968 1948 1454 1980 1136 590 1758 1791 160 176 303 1007 1285 1400 1368 519 1232 1853 886 472 1556 1115 1784 1175 846 955 285 223 1536 1250 1060 280 550 1759 250 403 690 467 1472 995 598 450 1376 1848 1920 835 691 1251 930 302 1297 972 1093 1138 1636 345 1916 1287 1120 
1148 829 1089 439 269 2003 873 678 1475 555 799 1966 865 1517 69 750 1683 257 1600 1073 1929 504 1554 234 1794 1764 970 1898 897 1811 1258 1463 1237 247 88 33 271 1217 990 1238 697 1549 836 1949 1078 1080 286 766 221 205 1840 235 1318 677 1002 706 1811 1521 1231 1045 1739 1983 307 1902 1122 1001 106 870 1003 1427 1954 466 1871 208 1600 614 647 1493 493 
291 1799 1309 286 1212 1005 1379 950 480 1474 907 1663 267 947 806 1248 1460 1246 373 430 1384 121 436 1687 1898 218 239 227 1881 1107 1208 1814 228 1405 607 582 1039 883 838 267 1232 877 608 970 1452 89 475 1829 1567 1758 1425 612 1511 372 95 406 315 52 1006 1853 971 1725 1227 1901 1063 206 1268 1671 327 684 1692 312 1605 204 90 721 1736 1605 579 
178 809 1310 900 1445 797 1169 1452 1934 2043 1591 375 1339 602 510 623 165 1617 127 543 1454 384 985 546 1922 1304 1302 423 152 45 959 1302 1809 482 75 440 2016 621 620 1291 1677 1519 716 991 243 1389 982 1868 566 1394 1155 580 1285 1887 970 1826 1281 999 604 1174 434 714 266 1691 1774 245 550 1664 363 1820 849 366 657 1248 2040 758 1668 366 1815 
470 189 150 607 1908 1157 538 1967 318 263 1490 806 912 458 1330 1026 659 1613 890 424 584 235 1569 851 1360 1662 1484 1064 1788 895 1312 1941 1053 344 343 1154 1791 1641 555 1701 1011 1216 400 1507 150 452 540 1066 1503 734 1238 695 1908 1808 144 231 964 225 401 662 834 988 1575 1950 651 16 1829 693 1019 1123 1127 1758 510 1175 2018 297 1287 489 913 
351 1709 213 1114 947 1357 1228 1637 234 390 1119 842 1822 1329 886 926 1521 1720 955 1996 1282 1847 403 628 354 735 1347 916 1706 1446 40 1358 487 1250 1855 1548 1257 244 1441 100 87 562 214 774 896 866 650 1537 409 885 297 664 1326 370 1541 1274 1459 1904 1501 997 1974 1191 1016 1939 50 1663 1071 548 1152 282 1736 570 410 1357 1942 1064 1814 681 821 
780 927 1100 468 813 660 1318 35 994 167 632 1655 254 66 630 793 297 1003 1679 737 873 265 173 1561 1537 1597 1498 972 12 1202 1044 1399 1948 1087 1270 950 159 484 1993 1928 1608 909 1790 1845 57 765 1488 770 1436 510 366 1899 1970 1328 238 465 1706 974 573 1527 1878 613 683 1875 808 1166 6 1158 630 1872 1328 390 1066 433 863 944 1876 1296 1484 
195 455 1197 134 53 913 1776 530 1856 1048 1053 1413 1242 1228 653 1130 822 2040 2027 221 957 1482 390 772 104 1164 1537 1116 202 1068 402 1573 1 291 359 471 1391 1167 1704 468 1960 1931 1767 1740 1192 1461 88 1776 1664 601 1497 1391 1653 706 837 284 1869 971 1020 48 491 1610 405 240 1260 981 832 1858 330 932 536 248 1889 259 1199 1716 840 1307 337 
1281 1373 841 1828 87 45 1489 1509 1867 669 1106 1757 1799 1416 721 781 1588 893 231 1063 1466 1973 1805 1657 1074 1108 1357 637 631 1121 697 1710 225 2015 378 842 456 781 1108 496 1550 640 1959 1112 877 1861 967 1277 787 1658 1293 760 1248 1547 673 632 752 486 358 564 973 1663 591 1638 1462 1394 275 809 1045 1640 290 1886 2007 1861 1065 1342 2036 403 1406 
379 897 600 1861 689 1567 1407 1352 1790 1493 291 80 15 289 2043 18 1656 1484 192 391 1117 1163 1501 1931 771 1507 1656 1136 846 1541 789 1096 1999 136 1946 353 1687 1825 1717 916 134 1274 1792 1320 1168 474 688 1934 409 1045 80 1063 1563 1600 1192 1149 1700 1208 377 1931 512 1527 1450 363 493 49 1291 546 974 1646 2024 1759 1079 376 2021 1228 1149 717 786 
1927 1994 1805 1376 1211 777 1057 369 1867 1513 1304 662 554 175 2041 528 1532 173 1397 445 76 1394 1177 1621 514 1686 1234 2031 1954 1201 395 881 1269 319 283 28 1779 1844 1752 1749 1443 2034 199 1779 1139 119 1194 1950 126 1234 834 637 1516 1088 391 882 921 1927 264 1748 192 1121 1901 669 0 911 56 485 1382 1084 2025 1066 64 1327 76 501 1283 966 1986 
740 700 1334 1980 1068 1094 1128 681 1663 1220 1166 659 378 1897 795 1894 1063 1386 1564 1752 360 423 1752 614 1177 1083 2020 465 973 1765 1395 667 779 1729 840 1040 1143 812 1911 1829 1017 391 329 616 1639 809 1723 1488 157 30 1642 763 638 1417 345 1586 1594 1312 677 698 1650 1947 134 1752 1463 299 631 1323 1195 1247 1294 1021 805 1563 676 1851 1579 1695 1018 
914 1800 1810 1698 418 1025 326 1878 1643 1225 304 162 395 19 325 76 1554 1480 1196 1130 782 191 622 2003 345 1553 94 332 7 1673 1189 1744 1811 1837 1913 1846 1973 1233 439 346 1200 1261 647 714 285 732 304 1093 772 173 1229 1405 1048 1370 772 973 1274 1230 179 1354 54 1852 1441 1540 36 1661 568 402 732 690 314 1062 1402 901 179 1233 425 1985 1411 
1810 1183 881 1959 968 314 1204 1106 725 689 1601 1451 1057 1054 203 374 598 615 713 1032 1889 97 88 1145 245 902 850 328 1667 1491 1564 1094 48 394 1727 563 274 289 1473 1075 634 1898 1896 439 530 100 1419 346 980 1937 677 1437 541 1642 1644 1917 1092 797 1603 1992 534 2018 420 1762 1037 578 1918 906 1151 1290 901 95 2015 1694 768 1340 2004 1198 1522 
1427 1147 1286 1997 1861 288 1295 1732 63 146 19 1766 179 1178 661 1633 1231 1142 1094 703 1484 867 1609 1555 390 341 1470 322 1408 414 1548 195 703 1344 1264 1168 711 1947 350 79 1298 1717 878 760 740 1411 536 696 1101 1610 1938 411 1712 1181 413 1292 1783 379 813 1859 856 703 282 1796 484 662 1119 1435 1908 646 1332 1371 215 1791 1659 285 1999 1918 1187 
485 1199 1429 1237 934 1968 310 1420 1005 1084 1505 159 462 419 415 1051 1153 1986 1968 40 298 1248 736 833 1474 1609 218 1175 1076 1007 221 449 1193 652 103 212 1770 496 1511 1681 1947 1070 1208 983 1739 1324 1861 1029 1047 887 447 1996 662 1268 1616 1040 1567 788 75 1435 334 1794 1472 259 46 691 547 121 1656 1685 1395 1749 1986 309 952 1772 1202 201 540 
9 1974 181 704 1257 2012 375 1484 796 306 1270 187 1206 1226 135 327 69 1802 1409 238 1449 460 187 363 1724 901 1574 987 1565 615 1809 2038 1937 674 1280 544 457 1982 1688 1083 1348 869 143 1964 205 2015 1492 219 1466 850 452 778 1470 1320 776 1422 439 1489 2024 693 1044 1973 456 1131 1348 752 12 196 830 1325 135 301 391 331 774 84 355 739 1960 
1903 238 1360 397 1447 785 1763 1026 1489 1201 697 225 1383 137 108 1643 726 1534 1952 1011 2036 664 54 916 1186 739 950 318 200 1777 1460 1863 1858 746 1349 1706 963 963 385 1698 1496 264 1309 1016 1716 450 191 276 162 1319 98 1586 1676 1751 1710 1016 928 579 1456 1525 808 750 1434 345 90 278 32 670 1866 58 1800 177 201 97 1050 606 1146 1731 722 
955 1002 117 712 433 438 2028 1684 596 1637 792 93 1157 686 1814 2041 1216 1920 1328 840 1576 494 20 1705 1289 1192 419 1447 597 130 813 645 123 1392 1987 556 239 1900 1346 1570 691 941 288 1857 589 1403 1310 1768 981 1379 1719 1992 308 1270 22 1703 1605 1005 1185 1293 892 381 1996 201 409 440 1301 555 247 1550 528 1337 1673 241 799 977 1440 819 721 
280 215 1640 1475 2013 836 1780 1505 136 327 780 1754 1110 1192 1260 1312 123 1454 1666 1517 489 2024 712 1168 193 1793 85 569 638 141 958 1682 1999 638 1815 1601 962 1961 488 628 1324 1871 1483 441 295 1811 1033 1823 1726 395 1774 1995 818 846 1053 1014 709 1141 869 113 1176 872 475 486 1937 139 1559 160 744 1660 301 507 712 1163 937 499 617 1935 1318 
894 1013 295 1995 1344 1833 1091 915 227 970 1430 1440 969 1988 1324 398 562 1377 510 1481 172 283 177 815 35 496 667 1510 1558 192 1847 552 1460 1935 527 572 68 1345 2009 172 409 1319 1841 512 1896 24 183 1006 775 379 1288 1238 29 393 2012 975 1261 658 1565 454 741 487 441 447 211 1987 816 775 2014 1712 1712 1012 424 700 1781 1826 881 647 1417 
1047 1345 961 1825 1779 1644 436 1196 1646 852 2003 1249 417 1079 1068 1450 1344 1755 1738 1262 1933 834 1814 1562 1574 1134 1506 2015 32 1262 1419 1988 1876 633 504 1359 1390 1262 1176 681 1507 839 1598 60 1005 102 534 994 1833 64 2012 375 2007 853 244 1121 673 191 21 1091 144 685 595 810 740 1366 688 398 916 434 763 1749 433 1399 1655 1901 1524 272 170 
1187 1009 769 1904 1303 1710 249 875 234 903 1253 200 1443 1154 659 712 266 338 731 1630 14 993 681 1725 600 341 647 1261 1258 506 559 286 248 109 1429 66 1541 1525 683 1671 1650 1750 364 621 1264 1289 1653 410 210 391 77 907 2026 265 1381 1112 910 180 990 1113 387 1242 1313 1841 259 1677 784 1314 733 764 987 850 1808 1563 645 1807 1048 1164 254 
1159 920 2002 790 1758 881 1130 1046 986 1295 552 610 1310 127 109 1332 653 1874 564 130 1461 413 1774 1517 496 909 354 1872 708 1961 998 309 1727 248 1012 700 385 1674 976 1747 665 2029 694 1904 1217 1197 1864 1086 249 1921 1560 572 629 1923 997 118 184 1011 46 379 1111 500 1914 134 1562 1386 346 1675 1988 1033 440 106 504 540 1606 1323 1678 135 1312 
1103 1771 891 980 336 1854 565 1841 1999 365 361 1967 1753 319 1322 975 1793 2022 1899 374 1992 657 1076 988 861 2002 1169 202 1049 175 1628 1778 233 363 60 588 1981 972 1558 17 448 182 1133 1967 855 1314 462 418 465 1542 1813 1708 319 537 1703 959 1970 384 208 172 1636 946 1996 1718 808 424 1892 2011 1098 1807 345 1922 427 626 353 1766 1760 1822 1096 
1060 616 1649 605 1938 835 443 2021 740 1454 698 1958 1825 1639 1381 55 1883 1409 1259 126 926 1233 1883 1472 1376 707 429 531 136 1391 942 1060 1819 776 776 1479 602 1983 756 1747 919 57 281 929 1741 1854 1322 1043 1969 1538 1570 222 450 914 152 1478 422 648 1938 1747 1627 191 1999 1171 225 1640 580 277 1947 1541 711 1419 565 1577 117 518 1712 1702 1095 
963 218 265 1405 659 598 477 169 530 1576 1942 1233 389 1981 412 255 1457 358 1382 1531 1431 979 1464 1060 71 1165 1392 1455 179 974 27 681 1175 1789 796 198 658 863 1743 1209 1597 1502 792 88 1154 1183 1169 1807 209 470 1320 227 1343 1901 1121 1824 330 1735 1794 95 373 1784 9 240 1408 295 1482 81 1394 110 2022 1497 863 349 699 587 1593 1425 203 
1364 113 693 1879 481 460 620 648 1118 1459 578 1303 932 1137 371 704 1234 1700 264 2034 1488 1533 769 1061 120 673 1559 1891 1412 59 417 1112 1238 1943 1189 193 1753 112 1222 710 1400 1521 1733 837 523 1317 967 165 643 1855 1914 296 714 1474 1456 528 718 242 831 472 485 571 1192 1618 1490 1339 10 1980 984 1331 1981 403 829 1959 9 1875 1080 1292 1077 
109 1042 343 368 645 1443 1889 590 128 536 755 1095 630 542 1604 1673 822 817 1696 302 2005 518 452 1249 21 1570 125 670 595 63 1459 335 686 1230 648 302 2026 1183 685 1275 1729 716 494 807 302 1269 326 508 594 2012 369 1110 828 1034 1702 1183 1493 545 1161 212 586 202 968 1457 485 548 1628 626 1613 148 348 262 1875 836 714 476 1616 256 1162 
916 438 463 358 203 1634 186 1315 1379 527 1335 798 1108 690 903 707 681 200 702 873 1938 869 442 794 2009 884 571 816 506 800 510 511 1871 1776 25 1798 179 744 804 1653 1823 1753 988 1104 1627 36 1309 1792 865 590 93 1217 1437 1987 1527 643 1226 1047 680 1752 1390 969 1950 1680 121 964 691 857 319 498 85 420 673 215 2040 1743 1367 693 129 
1002 1701 1800 847 1844 1199 9 893 1444 1200 682 1680 1624 1117 591 1924 1746 1794 867 487 1122 1198 282 1895 689 1131 685 1550 1206 253 651 1516 1812 755 1460 1477 1792 779 1157 1681 742 1548 1553 1082 1820 1911 557 386 1113 763 1152 1435 1441 1889 311 1049 1732 268 643 1400 1719 2021 348 885 1423 850 952 1956 1183 1827 1616 1580 920 26 1588 93 467 92 217 
552 2037 675 1973 2017 1294 182 2043 1359 1863 1995 1361 1929 1721 1553 1689 1403 1409 1023 1253 474 1353 1802 1022 70 1759 302 1866 1161 2016 1332 360 1317 924 2000 1719 631 2041 751 1971 1102 894 1725 1450 1566 1560 1918 32 611 2027 1267 336 1461 321 1658 1107 561 1534 729 259 779 1399 1021 157 908 2022 1024 505 436 1514 457 1136 1227 1108 1021 1632 725 1995 1769 
1567 595 333 1531 742 1648 1482 1345 1319 325 468 1559 1249 720 1579 1444 319 1749 415 378 342 1672 677 1078 1744 1275 142 1937 1584 945 1369 1736 4 1179 933 473 12 99 655 77 805 1854 1619 831 987 228 1823 1326 80 823 812 366 1549 636 1312 1784 1780 1217 259 2018 1805 628 381 860 1263 1466 3 556 447 357 1246 1555 1056 105 422 198 1164 61 1814 
668 70 495 832 647 1018 501 302 851 1769 664 733 592 396 1773 618 1323 734 1854 400 598 488 705 1964 173 1670 1823 1539 1734 1751 1020 1735 934 1153 298 1945 1766 107 395 626 1441 1554 420 1785 1228 392 492 282 1821 639 993 1063 1585 591 178 684 870 9 1689 673 1608 953 1918 705 1324 445 72 502 600 1812 1296 1478 616 1579 1801 1956 1183 949 1038 
447 1072 1438 689 688 1919 300 1626 13 793 1076 1937 2001 490 1788 456 1073 571 1372 773 190 308 647 658 1110 747 1657 3 1207 1652 853 26 980 822 772 1073 1675 1488 828 1558 211 438 1125 1105 1214 1892 1178 1170 1299 130 975 564 1134 1348 151 325 1246 324 1820 1635 746 478 1264 1857 636 1134 1754 920 1452 1275 1834 792 1640 1480 247 555 1445 1918 778 
1137 802 1531 888 1389 1417 406 1196 1637 1034 806 736 731 1696 1474 917 345 1861 970 1132 543 1213 2014 1485 1988 742 2002 309 644 1402 1542 549 1712 1423 1707 1077 1327 898 1437 383 715 1355 1690 1648 42 607 1434 893 110 1839 414 946 28 1390 1512 525 979 461 1419 208 703 333 1094 1295 192 547 1889 895 920 27 1372 209 733 482 1288 803 898 1082 1225 
715 1607 1384 888 303 556 193 1062 1701 102 1554 1190 704 37 1106 971 1646 1004 1815 562 835 872 13 276 790 1451 576 1411 1848 851 1676 1891 833 1803 646 1211 1606 123 653 142 1861 1786 1706 2001 212 379 1169 1129 375 609 1259 991 847 1914 924 1670 916 1086 121 1264 1409 1563 1039 1911 1754 770 1199 1942 199 274 1293 441 260 1220 873 1689 31 414 607 
1154 317 1146 1522 24 541 1633 1225 1536 261 1054 1960 316 1670 325 85 978 1738 259 1135 1894 8 870 913 1913 646 1942 1242 1173 831 817 1641 1225 1029 999 137 1407 1067 1409 389 1413 456 1285 223 580 12 125 337 1479 203 1249 1029 555 1074 1540 1961 1821 1104 59 937 976 1383 875 1728 1923 255 815 909 352 1332 1809 1554 652 1487 1265 348 1360 1250 1020 
596 1540 631 916 1545 134 1304 211 1632 1620 244 1121 1448 833 1738 1947 1075 276 1926 922 446 56 615 1872 357 1243 263 105 1400 878 1749 2031 706 179 1669 1351 967 693 931 1183 1573 831 1261 919 312 1878 300 1684 1254 1111 1726 269 815 1050 115 1516 1773 1377 587 1686 54 1563 1123 1853 935 2008 1937 212 1734 126 508 1081 1056 1188 1984 1668 802 352 332 
1171 1207 1696 691 1120 1677 839 474 1135 1082 480 948 1871 1531 855 7 1811 438 1067 287 432 562 149 1022 1799 615 1431 1171 1024 1352 593 1347 1410 1209 1256 1957 901 1515 196 1638 506 1374 510 1580 596 919 1005 1272 1017 69 1864 275 860 619 1911 841 2004 1511 1935 2029 1413 1361 1757 983 84 135 903 465 377 1429 1205 302 443 1051 2010 1895 1420 1658 1556 
1357 842 826 1454 465 1176 1684 54 721 194 1983 1420 929 773 2003 1353 1812 866 1782 428 1142 182 1728 1045 92 1316 1057 1016 1321 470 194 1204 1018 903 1401 1043 877 677 361 903 905 1256 1411 198 895 577 184 1608 639 366 435 408 1869 1194 368 518 1896 657 1560 611 1789 121 191 395 118 1182 1907 121 1108 1436 1166 186 1786 76 1033 1487 136 825 872 
1087 577 1060 790 1291 1521 962 1906 1977 821 408 1324 1047 1330 852 54 1666 1409 1702 1230 165 247 1404 1909 1760 1259 1468 90 452 1397 1122 1167 1811 2017 389 1382 1333 1598 801 840 612 1371 80 1826 1580 387 1540 1798 1249 1424 966 1305 1359 1477 1641 820 1974 675 1812 1994 1558 487 265 682 1659 1852 468 1287 1788 1449 451 1074 377 1693 1243 710 377 835 1063 
489 169 1359 261 1326 2043 1266 641 2028 284 1780 1291 1488 950 257 1910 1444 1479 637 745 689 1125 1236 888 1098 1197 151 809 279 1466 115 1193 1491 1174 230 1624 2031 1998 1983 1841 1313 1048 1788 541 1875 1556 1192 1905 181 1012 1147 1059 1777 1027 1284 600 1298 1106 40 1313 1444 138 1938 966 1410 445 441 116 755 175 634 774 48 445 967 6 341 1675 1943 
110 1989 1897 1700 1014 295 12 1919 1680 1224 1725 1345 1171 1507 94 1469 1128 959 1363 1822 689 1365 1541 1033 880 1333 1858 1956 1463 1264 310 1757 861 1000 1602 718 862 1345 990 77 1550 129 1375 773 1431 601 801 721 837 1374 1210 34 457 820 1788 1704 1393 1245 1914 421 1746 1553 1569 509 670 245 1145 314 588 557 292 1078 1135 1723 518 1951 329 962 578 
491 1688 181 1317 48 408 1121 152 1936 87 259 1664 1718 857 846 340 812 1840 2013 1878 1877 767 1401 1488 325 865 772 334 1203 392 1479 1477 1895 325 1670 875 947 1692 975 150 1924 842 1074 191 754 1777 201 160 550 829 57 791 1908 818 551 660 758 1573 486 1177 1016 1483 439 254 1724 809 15 943 985 1561 1608 605 51 1027 427 353 1462 268 1588 
1748 263 1788 121 1548 1790 930 1999 26 877 1196 1152 134 1402 914 2036 763 1470 49 1718 447 1115 616 1365 1477 1633 241 843 663 1138 850 736 1622 2033 529 7 495 530 276 1009 138 1841 1946 1486 1006 269 901 1142 526 1208 601 1504 833 654 1119 1018 94 400 269 893 1000 156 1744 491 556 928 693 1416 194 1321 1367 1295 598 734 1718 436 1283 273 1052 
1639 1626 1674 1950 1435 1408 34 1745 1543 397 329 527 1560 1106 468 524 1605 1753 1430 1689 720 875 643 1129 828 1653 95 178 1617 650 906 940 1686 477 1174 1373 1861 779 96 557 490 1113 1909 1326 626 1995 402 632 254 1792 723 1461 921 197 878 1061 458 1772 254 1644 2019 1422 1061 1594 349 894 458 1426 875 1093 1936 808 1181 1516 855 1958 1363 1824 753 
462 1625 338 1961 1441 1930 1626 1433 1835 901 1363 50 114 1009 338 532 556 1550 742 1123 800 22 758 1544 303 731 1806 1662 385 30 1372 994 885 106 1668 372 1121 1694 638 1707 744 1585 1299 1075 560 1728 1121 258 435 1019 645 188 1468 631 439 1997 818 1641 512 1770 775 371 104 1702 156 272 1399 1622 1329 1511 1373 2037 1414 1879 1469 1106 136 906 1823 
1171 788 1423 104 871 158 1390 1447 1143 50 1877 1465 237 2024 1961 404 1491 1945 1606 1319 900 1807 1508 153 1882 1445 1441 1354 1254 1982 281 819 1680 731 693 814 1618 966 262 886 1257 403 1930 696 1205 229 46 173 456 1642 1989 216 264 21 720 2042 273 820 1588 1300 1829 1651 1996 650 467 1735 1250 1168 181 743 1065 151 787 51 1548 773 938 647 844 
833 1655 581 852 944 835 1225 1735 1630 897 1179 1329 506 522 780 1877 1785 1064 582 414 1148 761 1364 1237 1985 900 677 1055 1799 820 565 514 1366 327 1582 746 899 899 509 1907 1705 317 567 1178 270 811 574 275 1662 430 90 1076 845 781 748 525 1042 1255 1054 1228 1765 279 630 728 490 1147 984 1182 662 204 1778 1493 158 1269 958 1578 894 650 545 
221 1322 513 1692 1215 1951 1078 1129 1287 26 1871 245 1661 1748 164 50 439 1766 1731 1212 878 956 1580 1158 457 1937 1166 1462 1740 1797 521 1206 1107 519 1061 693 2017 465 1705 1798 1466 1424 1188 448 1292 664 1002 684 1270 1572 1274 603 1059 1744 255 1659 2008 989 1729 993 1984 991 607 1163 679 1660 554 7 370 621 60 2040 56 35 797 70 834 1167 34 
1464 2022 1101 1889 699 1488 756 999 532 410 1671 1064 844 438 1661 768 522 1501 1327 1054 1054 1608 2012 185 683 1178 378 1284 1570 392 276 335 1100 1889 134 1410 302 1149 765 1500 1922 664 736 1556 1793 1416 593 1441 1889 1572 1870 847 515 1264 1431 720 587 426 1081 2022 2 301 1605 1558 1810 395 1396 1752 1648 1834 2020 1294 790 440 1295 1086 2011 1494 552 
87 237 1515 143 863 508 713 1147 676 256 1607 1634 207 1522 360 996 489 1153 756 599 1880 1789 1019 1664 934 1076 1205 1530 760 29 1921 1260 699 266 634 660 771 900 1145 1631 481 229 248 1698 405 85 265 1277 1988 1597 699 1380 1906 1106 817 1337 85 249 872 406 1463 198 1853 2024 1983 306 1843 1156 215 2037 323 1258 1248 835 1138 518 374 596 1209 
1151 187 492 1555 1658 283 108 1132 1150 1987 2020 505 1507 1022 597 773 1476 1353 605 1875 1624 1432 747 35 1356 752 1464 1298 1100 1798 1167 964 1744 523 1398 1914 1637 523 1211 949 1506 374 704 1456 1228 466 603 516 1939 702 1286 484 1489 1597 136 65 1897 1777 384 961 845 866 852 1867 1150 911 1832 1903 1767 924 787 1437 653 529 1586 897 1718 1727 1463 
833 1393 1606 7 144 1043 481 1302 621 1878 639 503 670 434 1811 1976 1166 1524 521 1351 1454 1128 429 205 1159 66 1154 1720 1824 1255 854 965 811 631 657 784 1659 1762 1291 1227 1193 107 1101 1506 1017 370 20 1733 1955 1984 742 1856 1558 727 551 1984 689 1579 2035 1935 1164 791 466 1383 285 1991 122 1168 2000 831 675 974 1663 167 2030 413 1723 1064 1315 
508 1583 1718 1889 1107 1844 382 1551 677 960 1401 740 353 1448 1418 230 1857 246 853 1940 445 181 808 556 987 646 466 1184 1914 442 1802 951 745 83 1537 1577 1109 890 1650 601 201 1718 23 5 135 1323 727 1323 578 1386 179 1426 957 1112 1460 1989 1678 2033 893 287 2031 196 647 22 1195 780 703 384 113 1060 1188 1721 274 600 1242 159 1130 1711 882 
489 1543 372 385 670 736 605 38 86 1534 735 1941 941 1445 984 193 486 1795 163 1315 671 1789 1248 617 1986 83 1445 1500 1324 1223 208 894 1224 437 1107 1846 1941 570 1322 6 980 1808 476 90 313 1255 1074 259 675 916 1679 770 1590 1881 316 297 299 1505 788 1235 698 449 318 36 1635 211 1644 792 460 0 753 1220 1030 1290 1430 1006 1846 546 539 
1852 1662 1273 458 142 104 1458 1534 426 1765 1255 1332 69 434 1219 382 1812 2020 675 1368 1494 587 1425 1551 1832 1904 745 1251 2023 627 514 390 1402 1587 1642 2028 218 1796 1085 256 672 245 489 1452 124 583 61 1874 1045 633 198 1786 347 767 2 808 376 987 1839 905 889 573 26 871 531 333 1752 1104 1910 479 1270 1315 856 1208 1000 774 1312 1872 1024 
428 548 1955 490 73 1051 1357 633 314 1399 354 1122 1255 1029 1215 1248 1176 332 960 554 813 1698 438 718 1846 686 629 217 1356 1719 313 794 317 959 929 995 1158 1672 1814 518 1405 1486 1855 1487 299 1882 151 435 1207 1846 389 1189 235 112 338 175 1828 741 1829 37 1064 1664 652 985 24 1977 1918 1103 1224 526 1190 1418 1579 1042 45 927 789 1404 1613 
264 841 1318 813 1124 278 1173 729 1876 1062 1971 1709 610 1285 1621 1652 59 299 1296 1600 252 2033 454 1840 1104 1842 101 111 617 430 824 818 1776 1653 290 1285 1372 1054 1438 1083 202 1936 1080 799 348 1421 278 1505 1092 176 1904 340 1414 1380 1482 1098 1782 1099 1779 300 295 685 1727 1735 1417 515 1196 288 1015 1880 1399 998 1258 2014 1426 868 950 1453 1927 
145 134 297 2028 1960 2012 1135 723 1560 1182 1694 1541 1240 1177 1564 1931 1495 788 107 148 1845 1833 427 1845 593 1675 899 483 1 476 414 1021 458 95 1092 1418 1155 958 422 1552 990 720 824 600 1089 111 452 1108 121 331 79 1455 1776 1569 529 18 1303 174 145 1934 1211 331 486 1636 507 1943 1225 1430 1520 1211 262 246 580 1832 8 191 1972 803 811 
1423 2023 253 905 881 1367 121 1883 363 192 177 320 1555 860 1651 1008 1705 554 31 745 541 2009 1174 1674 1911 242 1822 1957 366 1720 846 858 990 829 493 1440 1854 904 601 1582 355 1108 611 35 1891 465 881 983 1969 538 645 1524 840 1912 601 2013 795 1368 1380 683 728 1279 382 1633 1280 678 1538 138 1706 1127 384 177 161 243 322 1688 1730 456 1075 
1055 1223 264 463 438 227 837 1126 1107 863 841 1385 1563 571 633 362 901 967 755 1532 1341 713 354 1092 1344 498 1235 422 273 869 1825 73 999 862 380 87 1395 1948 2016 1302 1134 1547 1543 944 1083 1855 1052 1265 1756 643 1496 547 95 1236 499 1090 1556 319 1071 1309 82 1233 1288 1105 1135 1739 586 192 1893 201 753 1906 260 487 414 1261 13 1948 684 
1893 1874 1099 1186 2 1013 1815 1129 1404 1492 1322 1503 527 634 2031 1086 1522 45 30 1864 1868 1331 706 936 1768 643 261 1506 108 1221 1393 1842 1585 1995 960 1928 1367 1852 82 1437 734 59 152 1019 927 1105 270 2002 1272 372 1695 1562 1652 1005 154 364 869 1048 2026 987 1450 994 303 2014 1303 1457 677 455 1353 1514 1207 196 765 1880 1108 1961 954 1627 427 
1814 253 1868 183 1586 1044 761 467 536 977 1515 1186 618 794 1142 1631 1971 1820 1475 151 748 2003 510 943 978 1082 1344 1448 88 716 984 2037 28 1556 544 1028 1074 562 709 804 19 615 447 233 1258 695 1153 1404 999 1964 1007 1130 447 658 1629 1523 164 249 1577 327 1097 1445 48 1466 1456 996 1410 1460 1259 1836 819 1654 636 1020 444 1407 154 121 1329 
256 785 1380 1430 1883 1808 1683 334 139 887 1844 623 1044 1341 1801 1928 1644 141 1932 441 1505 1521 943 310 314 1560 964 1381 1643 42 1377 1331 316 1242 42 1798 1625 157 1632 1454 779 1196 850 531 1625 1427 1626 594 2025 456 194 1921 1795 819 633 591 287 678 91 459 413 277 260 1396 644 126 1384 1007 1457 2014 819 835 1952 314 799 1311 1579 204 328 
931 893 1735 1530 186 1643 743 1125 699 600 245 1941 484 982 974 711 1120 1578 1036 1820 1949 1721 1301 1011 449 1615 66 854 314 1840 867 2003 1435 2006 2031 1902 403 659 1116 1088 1946 205 130 836 940 1712 1547 1605 1877 754 1078 1120 2024 515 984 322 419 802 1613 1118 524 1800 808 1037 1670 1031 1578 77 1504 952 1975 43 1902 1952 507 343 1838 679 399 
2017 1725 1869 694 1285 1321 502 1540 1574 801 403 882 649 356 444 1273 1276 1521 954 530 838 359 1711 2032 1664 266 368 653 1018 1814 695 977 1143 1970 325 662 960 944 2006 954 726 561 1680 358 692 629 1788 1222 2020 947 1088 1117 591 1405 548 913 1667 400 1735 1420 1519 1963 673 1258 1895 771 928 322 277 1853 1980 1168 1355 1088 248 224 1843 986 1649 
1622 1246 976 240 466 277 1259 718 415 1167 881 103 431 1299 13 699 1970 751 758 1413 272 194 1883 1834 1243 1374 1492 1919 2021 152 1079 606 1627 655 1015 636 724 1318 1660 165 1661 180 800 246 1364 933 438 1141 958 391 1348 378 200 1388 22 698 1847 841 1413 193 1782 1301 773 440 1450 1661 1396 1103 1040 566 523 664 44 171 271 949 2038 458 1643 
1916 1728 1520 750 1193 1902 195 1410 1961 1562 985 323 2003 732 196 1454 1805 1275 888 385 527 1143 198 200 1208 38 971 833 68 108 489 1230 1609 1224 474 1576 1857 986 1210 1480 698 586 1857 730 755 1129 850 821 868 603 1893 1272 1311 1851 910 281 518 1196 1069 800 1183 377 832 740 747 1923 596 1228 1919 225 68 450 575 1906 583 1075 1456 776 1983 
1021 1868 764 1748 1072 550 1649 1887 543 1477 14 155 1565 1983 1733 1991 1938 335 1507 1448 1572 1875 1287 1150 1654 608 807 887 311 398 1215 222 1760 6 1724 1773 369 1058 1975 779 1898 1691 362 1207 1524 1399 139 622 650 188 1332 1923 564 371 495 1202 1314 1172 520 268 976 1321 1362 1553 513 818 706 1068 157 1452 1556 1180 30 1754 1171 364 1452 434 1970 
410 14 1637 1499 156 556 1321 1293 1473 1042 414 1488 2020 2011 78 1578 1482 679 1249 11 1931 45 394 1453 390 51 1016 1576 60 1396 1150 333 1300 1088 1589 1956 951 1533 274 1049 353 1612 1112 540 701 960 214 723 242 1406 1489 1925 2031 1382 1086 739 1319 1218 1238 1858 116 1942 684 688 1758 1688 1146 1879 2007 688 1285 1832 433 1700 885 532 129 585 1344 
19 57 30 13 69 74 37 49 12 55 5 53 20 70 76 10 26 6 40 8 39 48 43 60 56 63 21 3 4 78 35 79 1 65 2 29 61 46 51 73 27 45 75 41 72 54 28 66 33 47 34 77 32 15 24 71 23 67 42 50 11 14 62 25 38 17 44 68 64 36 22 7 59 16 9 31 18 52 58 