112
351 672 391 2625 1442 249 1603 2129 86 2093 2775 185 1222 1909 1701 237 1216 1925 1293 2873 2124 527 782 227 2527 994 702 2662 2176 1174 1457 2316 3114 2974 2135 1594 807 2572 2520 137 2039 32 2074 1385 1649 655 2751 372 422 2641 455 1833 1420 669 492 1346 111 2864 1243 624 738 1953 3031 2672 1377 3126 1204 2997 1140 1232 2746 2940 786 2001 2213 63 288 940 2436 958 1187 2364 1194 883 1358 1502 2234 184 1548 851 133 938 1627 188 2664 868 2252 2448 2204 3076 1731 374 259 1106 48 1293 1676 548 1820 566 467 1902 
2885 15 1004 1854 2836 576 1867 1975 714 3035 1789 842 838 2737 1402 89 1438 1311 1668 2513 631 1331 2327 2195 2482 423 818 2347 1390 3173 1292 877 3092 2656 1851 559 2536 2816 888 413 1185 1445 1235 1027 1037 2354 1631 423 1292 1119 638 2390 2376 1741 778 1989 2902 2647 285 30 1814 798 1852 405 2146 2017 131 143 10 3015 3094 1293 1349 1125 1619 1472 90 2211 739 1704 2257 2060 1564 1293 2912 2088 2161 1664 691 1643 1169 1840 2147 2624 2668 128 503 2435 3023 2477 80 1506 2056 1004 1085 1625 816 1383 261 1589 1345 2073 
1521 1072 2303 1878 1147 2540 998 2933 33 1323 516 510 2786 2069 1978 1221 3121 389 1058 876 2557 2089 600 228 325 2337 2278 392 17 2183 1987 2817 2357 2254 1415 7 1248 3055 1359 2960 205 2203 2483 754 3055 2323 3168 239 37 2968 2128 1768 1106 2089 523 1504 564 2413 2485 1947 478 2126 1913 2789 139 1046 528 2534 2127 2015 1771 1480 1892 3099 1588 1642 184 1050 2890 62 3168 1000 1323 800 1403 1456 840 1347 2278 2657 2991 2419 84 1994 1455 2582 19 2173 1337 2181 1370 56 2607 1270 155 1633 578 1390 3120 1336 1099 927 
2876 2412 1329 2017 1615 1027 2163 2219 1704 792 3132 2684 1663 2028 260 1878 2964 54 1003 2410 2534 2445 1382 19 157 1534 2890 144 2804 947 2901 284 667 409 2801 1943 2830 2905 823 2654 2307 892 863 563 1602 2165 2100 1615 425 994 1825 68 1287 2681 480 1595 792 2611 2960 2529 2289 568 1320 3071 2324 1348 1107 2473 246 397 726 79 492 2696 2258 219 1348 2267 1216 522 73 99 1436 3057 393 111 2023 2342 576 2685 1708 2617 2230 2266 2178 1300 844 3030 1264 944 3013 223 525 1966 678 1260 726 731 2616 2413 304 337 
2198 70 1105 3165 160 2263 120 1911 864 2072 1419 2233 3045 2547 991 2852 2599 1714 1740 2542 1221 1880 1810 649 1116 2983 295 931 1769 881 3130 2173 1941 2188 1791 2433 2260 1039 680 988 1299 1436 2940 2978 2797 2728 2917 2072 2317 2373 1604 1018 2011 3070 178 1640 2542 2393 2070 491 871 1255 3080 673 2311 2274 2027 1293 21 1863 219 1092 1930 2969 908 2455 1393 1646 492 2455 57 2076 328 865 1814 1800 570 826 1121 3023 132 1981 1302 659 2954 1865 1432 2785 2111 655 1497 1007 2603 2588 535 2155 655 1655 2717 1371 407 1344 
1991 1673 738 2799 798 1424 1211 440 260 1764 1387 762 2960 1931 2060 2683 151 2400 11 1728 1006 1671 375 346 510 2879 3096 774 1558 1003 197 1266 1039 2241 569 324 1718 1245 2624 1287 1869 1395 2425 1525 791 2173 2272 2399 185 818 2045 1601 2786 3157 1867 2298 3140 2123 143 2648 321 3092 1569 2035 1429 2127 1367 1580 2148 697 2788 445 660 3000 826 955 617 984 2460 3097 1841 1635 655 1537 1730 1515 2222 625 1216 362 1642 2470 1501 1932 1476 2925 2140 648 564 650 6 1545 215 2151 415 2586 760 1367 1584 801 2894 604 
2844 273 3071 59 609 1803 880 906 1997 2789 1046 2364 1562 2817 1553 2851 2581 888 1505 934 1957 1355 1445 1690 1589 8 82 778 1467 1511 169 2651 1585 30 277 2171 1656 2622 2302 204 2456 2447 1757 1378 552 1054 2050 1632 1696 2597 128 1537 1542 2521 1832 1504 2647 1374 2792 1046 531 718 950 2815 2562 571 2920 1404 2048 274 2166 479 2159 2311 587 2986 446 164 2236 1633 378 1522 1305 866 1620 358 1528 2468 2832 2971 1616 457 2823 1709 94 375 858 2566 700 437 2315 143 1829 1886 654 2804 1857 2949 2688 2723 2649 2301 
98 13 1158 622 3173 2200 2228 683 635 2321 1079 152 2855 2898 97 2089 156 808 1059 2735 1706 227 2094 306 2632 249 2732 1352 2209 23 859 2681 2492 1200 1067 1731 2104 886 2661 2504 2276 1474 535 908 318 1196 2473 2269 1748 1170 2734 3096 1280 2311 511 2233 2228 676 634 218 1921 1589 1139 672 2420 1370 494 1826 209 1001 1497 1182 1335 1872 2730 2138 2210 1856 3087 2734 1885 2382 23 494 259 1830 166 2558 1396 1778 1783 1627 2897 1483 2979 545 3038 1519 886 238 2038 1718 1986 2755 2001 1195 891 2151 1480 799 1518 2202 
144 1758 1331 1391 2967 382 1088 1613 1945 1138 3138 513 3064 1968 219 2689 1830 808 566 236 1842 2735 148 3007 3083 948 1239 1692 713 524 3067 2327 858 2994 2996 2400 2988 1695 1481 522 2919 1430 2966 2938 1551 3041 930 3084 27 2107 1755 2385 2301 689 1638 978 2216 238 174 2038 2259 1272 1664 509 3173 1839 1204 1470 882 3171 2624 2153 946 2439 2899 1175 2477 2614 1109 1575 2902 1765 2141 557 451 1132 2754 2726 1717 1640 625 525 2620 3022 827 2165 111 2813 3139 2776 2735 2824 3157 941 2554 256 2886 1933 517 2087 649 130 
1620 1957 1244 1870 2757 1276 1812 2351 460 1446 613 457 2501 3142 1499 2066 1743 1703 1645 2799 1880 113 2682 1114 1634 2952 460 1892 2580 1483 3161 1728 344 1161 2532 33 1621 2163 2868 134 1936 380 298 2044 2648 514 2732 2263 585 2933 2552 2179 766 707 1670 3173 2840 3023 278 462 2610 74 708 1879 537 2435 2119 1071 157 3158 2196 365 3009 711 1740 1809 83 271 1555 1975 2977 2639 498 3170 1666 1349 829 1698 2139 1722 275 2788 2694 1901 2780 2988 982 2390 91 902 1767 2150 22 2196 40 2010 2977 832 1713 1453 1696 805 
1708 1824 1288 1330 3180 745 1570 2286 938 1891 2765 2641 2061 3107 611 1075 2697 1664 1811 2359 2308 2992 159 2728 865 85 2817 1252 2908 2216 2797 1279 1351 538 1943 998 2865 1951 1147 922 2373 2054 628 509 332 2983 501 3051 2153 93 854 1793 191 586 2171 1596 615 2380 1412 2399 1776 1543 1739 1297 2165 2371 929 2470 1732 1175 497 1160 1506 256 130 1328 3011 2184 2212 2797 1889 2978 2931 2934 1410 2296 2904 2369 1866 706 1764 1130 1190 2124 146 2994 188 916 2889 1729 1547 172 2518 1052 2104 1937 1824 1069 1768 3138 1728 1358 
2837 1764 122 738 2764 2511 2883 2462 1776 193 3154 896 3178 2714 1409 5 915 944 2567 2260 2055 1116 13 3060 249 172 1470 177 355 2578 1472 628 273 3 28 596 202 1882 590 250 2721 2128 752 408 1149 1753 2472 1264 2520 1006 1321 1826 1259 647 485 2492 2241 1195 2615 3115 2417 232 351 908 270 2253 525 1722 137 3138 1113 954 881 1951 391 3111 2478 1806 2492 2292 516 2101 2250 1563 1329 1098 885 1287 55 97 2758 246 734 2116 545 2782 63 913 2911 1101 2778 3138 2670 1350 2078 1608 2641 2798 2837 809 308 2396 
877 270 442 1080 1800 1680 1871 1340 540 1748 467 1124 1808 408 1847 1947 1359 562 181 695 944 2096 2009 505 731 2396 628 528 2376 77 2939 1200 2753 1911 842 1555 2502 2614 1151 2959 605 2693 2896 2635 514 2641 558 3031 1155 243 2049 1973 1439 405 526 1866 753 924 2872 166 3136 2077 2355 3131 2265 2366 2698 2303 443 1177 2340 1148 838 607 1427 3158 915 2892 164 1462 207 2030 3104 3059 718 2433 903 3061 1672 2279 2763 1855 231 1570 2740 1593 1163 221 388 880 537 2371 2486 1298 715 34 2487 1060 1560 1506 1359 3079 
1113 317 253 1303 353 1493 3036 2382 672 2710 403 887 1254 2584 732 2772 1252 875 1942 689 864 531 2 802 2472 1765 2471 1130 740 2863 2902 1908 790 799 2459 233 2600 3186 1004 680 647 3094 2748 2996 2291 751 1728 2729 1621 234 1660 522 1974 1368 322 3038 877 1506 2822 2471 2369 1339 470 2610 783 2489 484 1955 233 1193 763 173 1648 2814 261 2503 1596 690 194 770 2389 2655 2429 2964 1274 983 92 2902 1988 1825 1002 731 377 2059 2756 2557 3062 3153 293 284 1925 1527 1549 421 1675 227 3095 2662 2100 841 3178 644 
248 1519 2269 3174 2724 234 1993 1375 1702 2370 69 982 1820 2040 113 2604 2876 1419 745 1144 2419 721 742 875 1254 2404 2538 2702 13 3153 1675 1903 674 2521 101 145 921 363 1369 307 3132 556 2251 263 2149 411 2777 2087 2364 2267 260 1091 156 1626 2522 114 1956 3046 801 117 46 180 2797 2764 1306 2625 1491 327 1300 136 2672 2949 1 278 841 680 2634 443 715 2093 2145 2929 816 3002 1410 668 2611 1892 1583 637 75 2104 1183 2084 856 576 2875 1061 612 807 2812 2907 167 395 1865 2998 2173 171 1483 1190 1650 2827 
470 1931 2478 464 1092 1929 1274 2953 963 1689 1488 1867 1031 2479 2038 1926 1407 1180 2520 2095 1185 3096 1371 850 1691 516 1601 646 60 652 1115 562 2779 2965 1144 2674 1593 1703 2072 1714 862 2759 1357 1161 3100 2635 3076 2046 2076 1681 2083 824 534 954 2673 1341 3179 196 1082 1615 2333 1351 2240 2836 336 215 725 1584 2131 1263 1057 176 442 2911 1909 794 2693 2335 1733 1645 1593 1293 2211 2878 1720 2091 363 3126 2682 501 905 774 585 1020 3031 3043 1351 142 1529 3160 2609 1635 2459 1325 3116 1005 1913 694 1657 2533 2595 1759 
348 1629 968 2149 1491 2951 3111 1972 1828 403 1653 564 1930 2928 1516 2475 2542 2378 284 1822 734 1907 2437 2016 2652 1735 1898 1986 1370 1966 1358 1159 2562 134 1100 2174 2984 3127 432 1313 603 1062 1890 706 3060 2095 2282 657 1792 1953 2870 713 637 32 1568 953 1989 2207 1671 1828 2350 848 192 668 2288 2693 1096 3092 58 2989 300 1320 2969 749 1666 1931 562 1739 98 785 1126 2803 908 3072 375 730 527 2744 1447 3182 1244 1494 2974 1500 1639 1625 179 171 1023 2324 2899 3011 224 524 2876 777 676 760 2805 1368 1982 1303 
2833 2026 3143 1300 1371 1829 2869 3080 1837 1967 1554 826 1076 2841 2709 2103 2857 84 213 33 1064 2682 815 2089 2755 121 1564 1631 807 3120 1904 2724 839 910 1855 2152 1577 413 92 209 647 2400 906 2201 1247 821 2985 658 1914 1900 757 355 730 1317 1059 2868 1464 1714 1780 2029 1399 2385 2184 1845 1794 2758 2651 1351 616 2680 563 1370 130 944 119 909 80 1601 2676 1916 2668 1651 930 985 2543 3139 2838 967 690 99 1582 2364 717 703 1129 1755 778 1750 196 1008 2735 2797 83 327 1797 2903 1587 2987 121 331 2824 194 
2312 2201 2300 1252 2546 2444 2394 974 722 2200 2963 2601 2764 33 530 2221 2391 387 227 1983 1341 3065 1108 1502 1743 345 2481 2890 1709 2355 1760 1748 974 697 742 151 454 1384 953 891 1200 362 647 310 398 2107 2516 1948 2472 1024 3097 2401 380 1687 966 1606 2622 1797 1472 940 2385 245 1960 1074 464 2085 2126 2960 1475 526 170 130 2288 1628 1272 687 1220 671 3117 451 1889 1641 1994 1995 184 380 530 678 73 1372 1456 1244 2403 1994 2667 1382 2986 527 2439 2780 274 2799 1730 588 1478 2347 2099 1428 1255 2437 3178 1208 
2336 2757 2643 1998 3048 218 773 1200 1980 356 2954 2151 2071 2394 474 1693 1736 3126 1582 2922 579 2171 3049 2552 2378 581 280 1323 2128 2664 1837 491 1187 1341 2026 2924 2372 746 2120 972 2902 30 2353 2316 26 747 1224 1670 2188 1740 3072 2348 1883 1679 895 2247 1624 1192 1818 182 1512 2300 1829 1475 951 1257 3170 1283 2105 2376 1406 1068 2610 2739 588 59 2066 103 2365 2369 1095 1398 2927 546 1326 1467 675 246 2777 1401 1364 1225 1396 74 208 2119 1376 713 981 985 922 393 1251 2825 2723 2190 2313 1008 2832 454 2773 852 
2037 2091 368 23 1345 46 1663 1632 144 630 1110 563 2419 266 992 1299 1304 816 3065 218 2572 1257 2200 2958 612 1852 2834 2519 1249 726 1770 647 1063 1721 2493 612 249 451 969 98 1110 2145 207 3177 1850 2588 41 2411 3165 2144 1938 1087 1695 3106 1508 1530 657 2182 1913 397 2099 479 2480 1987 2737 275 2777 2915 1017 1367 224 2630 1441 3058 2247 1691 97 714 2579 2815 1950 1597 866 2743 292 15 1822 2387 2320 2929 2482 2402 3012 137 2063 2856 44 396 17 281 2083 1097 484 3019 1710 1296 2619 1541 937 2736 490 1678 
799 1372 951 638 2803 1916 2498 1562 2234 83 943 1476 3117 59 1290 3184 1647 583 3131 2904 1844 2389 1849 136 2117 2836 326 1895 995 129 1860 2321 2624 1222 1943 2817 791 1398 1217 2130 1528 1568 2197 2626 2407 787 2897 1152 1499 1338 487 604 808 1029 3024 848 182 1383 724 2551 665 1814 2041 887 366 2823 1998 530 1365 1164 1942 1191 465 1357 187 2278 1219 2444 658 1224 1996 198 2402 2338 3029 2973 2718 1952 689 2407 2232 1739 3122 1425 1204 2019 2680 25 623 1273 2431 2444 1661 2274 1877 1650 957 240 1086 2003 297 1037 
276 935 1904 375 1392 573 2208 2777 458 216 2443 2272 248 915 395 1406 1594 2667 3046 68 2223 2108 1695 1709 2570 2364 2955 199 2355 683 2614 162 1779 3173 2134 1630 3014 284 2955 915 16 2663 79 638 1979 1159 615 84 3013 2471 3041 118 1133 3168 2895 2221 2518 3042 2935 1694 1641 3023 704 2872 2902 566 760 1732 1857 1110 2337 1454 2183 2542 2790 2298 126 1755 1886 2038 2936 1243 2706 1326 613 2448 2390 2699 413 2192 2246 241 1197 2226 2886 1504 1741 2975 3082 1354 1747 3069 732 3041 823 1618 856 2084 2352 1037 1181 1480 
1746 2057 2240 2718 1778 262 1792 2222 292 1000 1198 342 1709 263 2650 2178 2136 50 80 2655 249 863 1517 2693 2148 522 583 1384 2548 886 1504 2592 2908 1668 135 2170 632 294 1596 2087 2153 1465 2915 347 2499 819 621 476 809 2903 1932 2021 2350 3154 59 1523 1786 2373 626 2963 1471 2577 1470 1879 1912 97 525 1381 77 730 2259 339 2908 1533 2429 2148 909 319 600 1987 1263 26 1004 1363 2465 2319 498 70 1069 2843 2432 973 795 566 2051 314 864 1561 225 2934 1823 1458 2592 194 287 725 1821 1145 2650 1222 2213 2846 
2848 1359 3073 261 2304 1265 2532 1012 1733 1658 415 679 1702 2712 298 409 1101 1058 2203 861 617 2907 410 460 698 2901 1795 1891 1943 755 857 519 961 2393 1240 252 1754 2551 1115 2639 691 395 2229 1970 160 113 3012 1674 562 1245 1248 1623 743 691 1592 2594 2436 22 1541 1973 2502 2510 1833 756 1737 1831 2655 3007 3090 2502 2647 697 3185 2070 24 2303 1081 2813 1758 788 1364 2771 1027 2561 908 1846 1167 1207 2909 2702 1265 2617 2716 1459 995 590 2724 2824 317 1922 298 366 795 2453 3038 1772 2516 1470 312 1014 2754 2408 
883 1239 101 1350 1623 2582 441 2296 716 2595 856 119 206 2236 1928 1345 1148 578 545 1218 802 1194 2270 2649 84 2504 1604 194 2690 1380 1881 592 517 2666 1929 3080 451 3146 463 529 1940 915 359 2093 1491 2310 761 70 1922 2126 1749 2457 1038 2291 787 243 398 1892 3062 1715 36 49 2669 2143 872 2028 3186 1481 2142 864 2636 1236 387 2891 2199 1547 601 713 1058 118 2860 2959 1008 932 3103 2688 2370 71 1482 2449 297 913 2192 1050 1362 3131 2987 1645 78 1107 1307 47 2748 601 1803 1147 2682 2562 2366 1534 1215 840 
1663 2414 3145 2033 1849 505 112 2398 2206 1750 2959 2058 3088 1022 1573 1018 982 2798 1675 2943 3024 1933 341 1535 2881 221 2191 2536 1725 2034 2875 2935 2176 1848 214 2364 1931 1083 2256 473 2510 890 1422 57 2106 2392 420 1851 386 998 1393 192 3095 1271 1784 1107 1401 1832 3088 2307 425 962 529 564 541 1200 735 1195 2491 1652 484 1735 1110 2110 123 2322 2267 44 1544 936 1466 502 2353 2613 553 2187 618 1658 3025 3045 856 1690 767 2026 1450 705 2266 941 1770 1158 450 2630 566 2546 3056 939 147 367 441 1200 2624 2291 
2790 577 190 576 1138 1702 594 2891 935 1394 1825 1361 1482 2004 614 2730 2650 968 1079 1059 34 2948 735 1621 2410 522 2865 965 1937 2 2990 311 1226 3138 1241 2449 1337 1697 758 2677 1290 510 1246 2474 392 1111 1448 1153 209 1884 207 229 3048 1796 176 2256 1214 1637 2926 1620 890 368 2495 1856 2522 2545 995 159 1331 1157 2338 1444 1788 2923 1361 2091 2122 2905 2003 324 2025 657 381 6 2156 2247 2704 255 22 3085 1314 3044 2017 3099 1649 2373 2430 2531 2064 1503 1896 804 1573 2468 847 2953 2739 24 2283 2472 128 729 
2574 2011 1899 194 1203 1708 313 1431 816 1427 1376 2066 2370 335 2152 1257 531 797 1942 2898 1572 1350 2039 1635 1495 2196 2465 2906 2826 813 2204 2240 2904 311 47 2801 571 2811 2000 2097 1752 547 590 213 501 2148 1439 1377 2853 317 579 1980 489 2029 288 1182 1420 2850 686 2860 1876 1578 935 428 3158 248 1462 524 268 430 2435 1641 1731 2895 3034 169 1990 2384 1488 437 1303 894 1144 2417 1092 114 2013 2590 1217 823 511 2613 1399 1253 700 1633 720 2560 2155 2802 2802 1151 1944 2504 2699 2187 1597 1168 869 2630 956 2566 
1392 330 203 3125 1888 3005 2902 696 1705 1450 3058 1105 1896 216 385 3128 2638 343 956 2308 606 1378 912 2473 708 523 1164 687 2343 104 1573 1349 1572 1622 415 233 2215 1926 192 481 3125 1438 2559 874 133 3080 929 2914 533 2056 2076 2666 1842 1545 243 1570 817 1865 1378 178 2252 2791 1653 1055 380 287 2711 860 188 1148 1405 554 3114 493 2801 772 678 2874 1436 669 3117 2538 3119 2772 1179 599 3079 2018 706 2504 630 1067 2251 988 1903 2700 1209 325 194 54 542 334 1327 1225 1771 52 1114 2168 1666 1711 1405 641 
1844 679 2262 2613 766 25 1614 750 1263 526 539 1828 3070 1376 3181 2284 1247 2913 788 954 2386 3125 249 1560 696 1417 2440 435 331 1554 175 1417 3087 532 2427 873 1085 28 2777 567 7 227 622 560 405 459 962 448 1960 385 1751 1258 3158 1209 3163 1397 61 1199 2759 2886 2444 1225 2917 2764 2658 54 1727 264 1685 1502 2641 623 1453 1318 1562 2110 48 2621 2834 2312 1545 1925 1494 261 2020 87 2842 2473 2666 2336 1695 1882 1266 2228 1776 1070 822 1092 2228 1951 657 2702 1996 2655 871 2362 2137 1350 732 2368 2042 3122 
424 2463 233 1828 518 1245 1861 2546 773 1441 2564 470 1965 353 3001 1663 537 721 2818 3113 825 867 1874 2118 1429 2433 1361 813 1974 1017 1758 1944 826 1170 1242 2210 941 2494 3108 1265 101 1425 2575 2655 1859 2209 432 1089 783 1623 2690 2914 2223 936 2478 2278 2191 1603 2902 202 1346 1180 1863 2819 836 2196 2769 2880 1254 152 2168 689 2064 2252 3134 945 2079 982 2057 789 962 3061 640 307 1005 2168 359 1871 2943 3127 94 637 933 38 1272 693 2861 671 2348 1179 2316 57 1315 946 1272 2204 1353 1609 1562 2363 1399 2259 
2790 2971 2802 2576 762 2361 1971 1530 1491 748 376 2071 590 1618 2431 537 1347 880 1605 1860 383 3058 1770 1276 502 2134 51 381 2928 319 808 494 1569 1893 590 2688 3185 584 24 3119 371 1019 211 2757 1938 1504 2125 1634 269 1093 1532 2980 2480 356 1325 2142 2660 1844 2686 634 1568 2222 1046 1737 2111 1474 666 735 2960 2067 3133 492 2566 2374 1943 1589 1564 1508 5 1061 1674 2470 3020 2366 2194 2551 925 2752 449 2464 3175 1807 904 2415 784 1811 1546 2971 828 2901 1501 1527 2513 303 1326 1780 2280 2449 354 1275 878 703 
860 3142 2850 1571 1322 1141 434 2022 333 1009 2546 1160 2609 3009 776 452 1216 2901 41 832 87 2759 1321 2482 2792 2746 2532 1864 128 178 2524 2547 61 1941 3090 835 1120 599 774 2244 2196 420 21 1798 650 1661 2269 2502 115 378 419 455 559 2364 254 1597 1830 1957 1075 1139 1650 2900 183 617 398 3138 555 3035 1421 997 1479 2353 932 2458 2876 2974 2692 178 1651 700 4 1875 1158 2441 2711 1387 1311 1632 448 1092 229 332 2757 880 1237 1888 1673 2168 2942 2118 1183 1883 2275 1109 374 2362 2253 760 2237 633 608 2775 
2665 2547 645 1294 2421 1634 2993 1072 540 2854 3174 947 966 1836 840 1633 1490 1136 3084 1168 1977 1070 2392 205 2860 2238 219 461 1440 415 194 993 691 890 132 1654 621 2664 838 2304 1915 1008 2042 1906 854 3009 1515 2913 2955 1594 1292 1358 180 258 2689 2451 2245 2298 730 923 1845 2285 2849 2015 505 3154 1017 2726 2442 1694 949 1141 653 598 744 228 2573 3092 1644 2581 2760 2226 1208 2386 2954 2828 2820 968 240 2890 3130 2196 1507 972 37 2036 1312 138 2021 2442 683 234 3114 3015 3160 1152 2803 440 1648 2403 572 2557 
2343 2955 141 477 447 2423 420 1775 24 64 591 1668 2762 125 134 2602 2509 1838 2352 1902 540 2046 2589 2089 1678 2884 400 1902 2400 2924 179 26 789 1143 2588 2925 656 1676 1182 2310 95 1384 31 626 1852 3056 2296 2592 3115 2674 1607 1506 1996 1953 1788 796 2212 2070 993 3044 354 1395 2762 1396 2325 1261 1930 3182 3068 1267 2694 2187 422 391 1851 3102 2361 2278 1870 2247 1619 418 1875 1253 2334 1678 414 1336 76 2754 2107 2807 1542 1291 1287 625 1246 2015 491 1598 2255 15 764 485 2339 2735 2630 1302 1271 2821 425 2897 
287 2706 692 473 384 1939 597 273 1235 2142 404 2438 1996 1596 2081 742 198 1303 1160 1437 1863 1130 2339 1853 2766 2314 1978 2684 1084 1279 1310 1866 680 248 83 1757 1750 1941 1484 1786 3109 398 1367 1000 900 2667 2534 929 3144 1234 1650 491 276 3005 1353 369 735 2765 2375 2195 2013 2706 456 1519 2442 1474 983 157 1222 2340 210 2318 943 3110 2779 855 1956 1108 2773 2184 2747 1792 1811 2888 778 2983 2620 1389 969 2025 167 1296 2883 310 1572 803 66 1069 1565 2221 422 98 1600 830 727 1512 1823 2618 853 2133 322 652 
247 465 676 158 1416 1416 2967 2896 1352 1030 2173 21 204 2429 1209 1272 1636 2162 2962 2466 799 3109 2514 760 3076 2136 213 2679 1312 476 1223 1488 2307 3016 119 1729 1667 1861 947 2820 2522 245 1110 186 213 3114 1096 2026 1730 2440 2117 2788 780 2487 312 524 1183 812 3003 1330 2011 2614 947 950 2953 580 2181 610 2229 322 2105 434 1771 2492 772 638 355 654 552 852 1658 484 2393 21 198 1864 23 2004 2101 1919 2686 501 30 921 2631 176 2405 1182 3016 1675 2202 2156 367 2587 698 1910 978 1934 1076 514 1349 2433 
2503 2153 84 1984 2302 755 1477 2543 748 1417 565 198 2356 2452 1535 234 2321 2262 989 1708 2646 249 988 2146 440 1418 406 1216 208 2093 2852 2372 1176 155 2790 60 1687 1242 226 446 1476 2473 1206 2396 2340 2853 992 3014 909 573 2028 2218 533 1512 2825 990 196 3039 3091 2964 2189 1183 2596 2788 1489 2214 1021 2748 1086 2453 2362 2363 1508 655 2366 658 1837 2551 2566 1922 1856 1972 1981 252 1362 2721 2052 2306 628 719 3088 1649 2965 1562 3054 505 1841 1307 3149 1115 542 824 2823 2668 2632 2915 2164 1389 2243 405 983 515 
853 2008 474 378 1418 1317 3119 2880 2330 2107 2993 253 3168 1496 387 884 2777 2273 484 440 2352 1849 1205 1614 735 1812 2469 669 259 2541 1974 2362 863 960 321 2699 92 2257 1597 523 2793 1435 2023 2843 2753 159 835 2643 2536 1216 2227 3008 490 1250 2289 2700 5 647 1481 1194 515 2106 2263 128 812 1368 179 1609 1445 1049 43 200 131 1041 220 968 1445 1820 3165 1649 496 2802 1945 432 175 1980 1689 326 2496 1 1148 688 567 1780 2608 1505 1108 109 2859 2237 187 2312 252 174 2368 2326 2365 550 2024 1945 1120 1375 
471 2604 2447 1924 215 2329 1421 23 1366 2798 239 2162 2540 3107 3145 582 2798 12 2406 2810 136 1983 815 597 2676 645 1341 2594 1755 2253 1432 3080 1776 1661 1699 312 2491 340 3135 2878 348 1125 619 436 2999 82 242 1147 2695 2901 447 3126 916 1836 534 2500 1663 189 1162 2782 23 2425 1307 1158 763 2588 1145 2262 1237 254 220 13 3005 3037 590 588 2332 2713 2201 17 1067 2181 254 2437 2004 1477 1060 79 749 2115 2552 212 407 1560 535 2190 1900 1391 2258 2222 2060 464 1532 919 1757 692 1274 80 845 866 328 2744 
2268 1788 1186 2085 2372 2022 302 710 2973 1665 2578 888 2402 2485 420 3001 279 1989 2361 1522 1872 1258 193 910 283 2052 130 421 79 2646 1814 14 32 943 2090 1579 3074 2867 2838 3020 33 549 1862 1916 1688 2846 824 1895 2600 1371 2633 2053 1203 3078 2491 2203 48 287 87 1925 1623 185 1376 1637 2404 339 1333 15 2015 2397 3078 1474 385 2778 269 1286 2889 1472 2142 1586 940 1995 2573 9 2119 634 199 1452 1333 1594 632 67 1275 3075 799 389 1889 2082 3147 1413 1738 1261 240 765 3054 1725 2689 2527 1750 2771 988 210 
1252 3147 1435 2391 1054 16 3043 894 713 2477 2686 262 3018 2469 2948 2014 1112 1732 1979 838 3077 400 2333 1769 1751 1011 1173 1879 1914 2296 1188 163 1682 180 2895 1522 1501 1078 2012 457 132 2999 1979 1781 2189 225 661 2673 1036 2183 2923 2404 1983 2693 2054 2877 2950 288 1122 3164 2817 1961 1381 443 1335 212 1325 2549 2303 1276 392 2118 10 371 2568 472 92 553 622 102 1359 1488 725 1935 2760 1146 1181 1076 1514 1446 879 2346 1739 1829 2533 1108 2177 1476 822 2124 875 463 161 1227 2770 1571 183 1018 1837 2737 1581 1513 
2968 1326 2866 1794 2235 2311 242 1183 1118 2027 248 2194 2971 2573 677 1344 483 577 2560 2131 1242 927 892 1240 1254 1062 1890 1458 1527 228 748 52 1719 2777 2222 377 1837 259 1660 3140 1492 641 2147 2052 768 1716 2675 410 424 1675 1478 2173 385 1678 2032 1131 1833 2801 451 227 3186 2868 623 1427 862 1795 2164 2121 1823 490 2321 2580 491 1193 1467 1149 734 554 1992 1897 635 2688 2218 1373 3030 623 2188 1098 2497 3017 168 181 2283 76 1869 2238 988 1035 1423 1294 2375 1601 2798 1556 1578 715 680 927 2406 634 2337 2995 
1521 1646 1840 612 2568 1258 1975 425 765 2975 1302 2919 1580 2734 1182 1507 3139 1140 2573 936 1277 2096 1069 717 2704 644 132 327 1125 3031 1830 290 310 602 2837 1363 4 194 652 1520 2453 2364 1296 2524 2505 1942 1925 2567 2510 2644 306 3043 2950 843 2165 1663 286 490 426 2310 2005 563 1951 1913 1245 2239 887 2057 2751 44 866 814 528 2785 1481 2348 2734 2652 2199 1877 653 372 716 1973 1312 1154 1372 684 619 2239 2156 2426 1824 1469 2575 2450 1608 559 1124 1826 274 1700 663 953 2391 856 610 2775 835 2917 2320 2473 
1391 1756 2752 696 1864 548 1016 55 743 1759 25 2883 2016 168 444 1105 1076 1089 2339 2266 390 2333 2609 2839 1581 1516 2868 1394 2037 1025 1715 1973 76 2516 725 1011 1600 2508 903 1972 2690 2292 1148 1531 2334 587 386 828 1694 542 19 1654 2667 3080 2623 2091 1452 2347 1018 1328 2563 2878 2795 1516 3173 731 1138 516 1261 1539 2741 669 3091 3151 631 2344 676 536 172 1701 146 894 1425 1960 764 2595 783 1665 1541 2537 1412 2778 646 1763 1566 2836 110 866 1461 2464 2421 2616 2204 2787 1681 1447 1525 669 1 156 2660 943 
2094 1948 1325 3134 1110 2852 1607 2857 2772 407 2063 2296 1979 499 1999 2525 1338 1826 2003 49 2432 399 442 1927 2750 2442 318 367 194 1783 941 757 1188 2343 2191 1315 247 2673 780 2601 711 2021 944 2082 325 3125 963 2624 2036 399 547 2882 2313 2289 209 2007 2488 484 645 3085 680 1166 2768 1152 94 199 258 769 970 1297 1315 2751 191 866 1790 185 92 108 1778 2699 3027 725 612 1235 1935 1996 2830 953 3 2586 3114 2683 1556 2978 367 3055 2089 2934 1387 297 1305 808 2098 1252 1282 893 434 1236 1678 134 1437 1651 
2610 3172 2316 901 1986 348 1381 1378 40 1552 2841 829 3131 1268 2662 2287 761 2255 687 208 6 2720 2233 1886 2421 779 3010 3140 503 483 1426 2019 1730 1581 337 1046 947 3119 393 2723 1370 2793 516 1143 567 2106 2825 1482 282 495 1628 637 2755 2136 178 97 1747 2816 774 33 2322 1883 3071 833 1320 505 209 1458 173 1724 2166 2186 3164 1978 913 2473 422 1409 2008 2613 1297 2079 3172 1393 1431 1413 1845 1760 1641 2145 2540 706 1870 648 522 1237 3158 275 1393 2125 2004 3032 2588 2493 547 2532 2765 464 1768 2644 2415 153 
2395 2696 2303 2282 1242 395 1650 1742 461 1487 1325 854 1826 1814 1409 1336 1577 1811 44 1837 489 1041 2936 902 1373 94 2516 740 766 175 1022 3 3014 1138 241 2139 2567 650 89 907 844 1849 1828 1912 2056 1100 2106 1751 2497 452 1119 2784 616 1515 587 1184 1673 2003 3046 1287 1383 2339 966 2382 2067 113 1625 678 1418 832 3037 680 1455 1763 202 174 2913 3134 1412 913 1320 778 175 3005 110 2394 2517 2795 250 828 2364 2964 2753 1469 3120 2929 1994 2520 1099 1409 1058 2747 697 2341 2142 2580 1961 2659 2731 1286 1154 2062 
703 49 2157 1350 1266 480 1741 1059 1935 362 1305 2257 2918 634 1936 491 629 3041 2481 1385 2240 1400 926 333 1124 1705 272 1029 2416 2086 1039 353 555 2305 1563 2183 693 262 2526 2164 709 3161 1631 438 1885 477 1041 2773 2164 2069 120 648 2762 1358 1614 2375 2980 2374 791 2249 2726 2407 398 3130 2542 1078 3020 1084 2903 1382 911 1929 8 1403 3173 792 1708 144 2239 1364 2922 2089 336 3068 276 2444 3040 909 1614 2308 1881 3126 2763 1656 3027 859 1277 929 1125 1303 448 2317 1427 2090 2719 2783 787 689 321 1734 203 3029 
214 1082 225 575 1571 1299 345 2750 2244 2653 1813 627 1317 2927 2858 2569 3181 1640 605 227 1331 639 350 379 2423 3050 1890 1228 293 240 1643 652 1886 2287 2911 604 175 1819 1479 2021 2861 1072 353 2406 388 375 64 2005 1002 204 175 1993 1062 778 2911 662 1670 2372 2787 153 2276 49 857 2282 1103 1831 1269 863 591 1752 532 82 1567 1990 418 2320 1152 2017 521 2644 1630 1577 1652 636 673 1140 3062 2778 519 930 2544 313 66 526 2038 1415 1481 2742 132 966 1628 38 3121 187 1387 1077 2626 388 1412 2292 999 2003 
2095 2441 1101 2977 2677 2587 2586 3115 130 3042 1263 3049 2427 1813 1529 2965 456 3169 337 3052 1812 2895 805 1885 2918 1355 1319 2680 2984 2900 800 1439 1722 2371 2028 2764 1190 1892 2884 1872 1747 2876 1039 1608 135 309 233 2472 2961 734 1012 70 522 904 809 2812 297 2350 2103 1146 1490 2355 438 1583 2756 1189 2936 301 1060 2227 269 754 2221 2984 1954 238 820 206 2285 2555 1528 871 2087 1721 1706 705 1554 113 3023 601 931 1863 2122 1557 2897 566 151 1075 2589 1669 1032 2569 856 1402 2352 924 1332 2128 881 2020 387 1161 
1801 1895 1079 2648 981 801 3127 2730 339 2923 1253 1426 492 1802 1081 1698 754 2480 2383 2320 1622 2493 276 881 73 1427 2481 1220 2309 2827 2200 761 1967 1141 518 1382 121 2337 1567 1032 2126 656 2401 2084 247 1851 1746 1604 1213 1475 2283 290 1684 1177 2174 892 2730 2399 586 820 1145 2771 881 2804 126 876 1929 50 2534 1580 2250 541 2685 219 1238 733 97 1954 2455 2791 459 559 573 1391 3054 593 732 2999 300 2678 1759 1918 835 54 2146 1319 670 2588 1819 69 1971 2032 946 2532 3021 302 2656 2714 2469 2497 406 271 
150 1188 351 2715 2898 997 998 1908 24 2302 2277 2459 835 51 19 3019 2359 1471 2452 33 1628 1964 2870 1607 2869 2669 440 508 2620 1193 1214 1922 153 2613 910 1359 2125 1115 2701 1348 271 1252 2431 2270 2273 96 2205 529 1004 2149 1510 3101 460 1996 1106 1984 1674 928 2587 620 380 627 2200 1853 121 775 2490 3102 608 2749 1748 2358 3002 2868 1723 242 1421 1886 2610 956 2704 1285 84 2362 3148 2714 1236 492 1745 420 27 219 1284 1786 1139 1086 184 238 2935 2176 2785 865 1775 2953 871 226 2253 799 1168 135 325 231 
1715 2165 123 391 370 2101 1853 1505 2392 3180 2654 1081 80 648 1078 438 1197 535 1070 2393 1131 2562 944 2212 2751 2756 172 2388 2875 1109 613 369 929 79 378 1205 1893 2968 145 2985 211 2319 1257 1060 2252 1883 60 1889 1364 572 1878 1026 920 3108 1482 2404 958 2268 1739 2908 510 2017 132 3081 1369 2170 729 2172 3010 2693 2582 1651 2572 309 901 1361 1937 856 2777 777 3053 2149 1761 3124 2871 3126 594 2543 2878 1007 216 539 1917 2969 680 2896 208 411 1022 2397 2163 1893 837 2820 1065 2692 784 496 1553 2720 1636 2643 
99 818 356 2240 1855 1652 1832 1956 624 3091 1776 1176 431 1476 2511 2508 1995 2859 465 2409 1348 2961 232 1173 956 1786 1093 1081 1029 2476 2832 1685 499 2741 1280 2602 577 1644 1025 168 827 1031 503 2107 1034 153 368 1855 2946 653 2678 537 1519 3117 1701 2525 2143 94 2408 3053 2673 1259 2895 2534 2792 3039 3030 2139 209 459 1952 2 1407 1820 141 1673 1044 2009 3016 182 2253 3058 1191 1920 2545 2019 1818 1031 504 108 2057 658 2609 96 134 1443 535 1898 3170 2448 1126 1005 1420 1353 977 2741 1474 302 2853 1522 330 2491 
1613 1224 1529 2009 1673 898 2991 838 1840 1949 3120 772 2801 2793 494 3176 2330 1238 110 137 2299 555 851 433 2846 693 2132 2448 445 2331 1445 576 1638 26 2890 1991 2770 727 3062 384 1858 2184 1282 1149 2050 2641 572 1506 1011 211 2459 458 690 2066 1461 2907 311 451 2416 1425 1638 1203 2187 1396 1598 653 1816 1119 2467 405 91 2240 2282 212 2823 140 2361 1537 1071 1504 407 903 2681 1525 1605 1152 1373 1015 563 1949 1301 2682 2085 2380 410 356 2174 2111 1337 1915 1882 2878 2608 108 905 1195 2774 3177 92 648 1396 736 
2448 329 717 1014 970 1956 2372 1439 618 1583 29 1216 3005 132 2615 2924 1585 2577 1241 1966 731 682 737 2242 901 3091 975 39 1039 2666 1806 2711 11 839 1961 1249 350 2688 2606 3142 540 1013 963 2442 217 2590 16 60 636 2619 665 886 731 464 2411 961 1420 1476 2049 1508 1769 1186 1066 989 2471 2624 2679 1998 2868 422 444 1260 1025 515 2132 502 1668 2018 2030 1902 450 46 926 2731 1782 2904 698 2926 167 1430 462 16 1480 1600 2022 354 1326 503 2220 175 801 1314 1310 2404 420 2484 3136 159 1745 650 2219 2890 
1374 562 2039 494 1683 2548 55 410 3051 1473 693 609 412 1850 405 216 1199 1729 1016 3039 2549 19 2810 2452 164 3107 2679 2350 616 2812 1444 2952 2947 2167 1125 525 225 1705 2063 1498 2458 1400 2119 591 583 1482 2357 2337 2326 1409 2330 1414 396 496 1257 327 1319 2780 1880 416 1161 808 974 2262 196 989 176 2355 1073 1697 2213 1348 1626 787 1909 2430 1491 1771 1246 724 343 388 943 1601 1163 1915 2867 1421 2684 868 2512 3054 2979 1656 1824 1320 2184 2958 1989 2575 1061 967 228 583 1351 3024 2343 1455 543 1031 2043 1298 
765 1875 1558 1664 1518 415 715 2116 1376 3060 594 1157 1832 269 1376 1922 1949 851 3124 923 2765 2470 1397 1782 1381 2083 1613 2502 2108 3113 708 2120 243 803 1934 1676 3073 1432 1409 1297 1677 535 1537 1962 2649 105 366 2587 1266 1044 3143 330 3127 48 344 647 2493 1393 2508 3020 2460 2161 426 3171 2611 1495 973 367 985 2558 2151 1616 1795 217 2851 457 1584 2050 1514 1073 2291 2613 2160 694 924 1421 638 817 2473 9 1285 2906 1493 1394 1974 1184 196 111 259 205 1365 1428 521 1105 189 163 271 657 948 1083 3038 1020 
2678 1008 287 1218 1202 1501 3139 2224 2092 2134 422 2087 1456 990 1239 2927 1776 667 849 435 1963 607 489 2486 359 879 1891 1644 2307 191 1884 2416 803 1664 191 424 2722 211 2342 2021 2861 469 1193 487 1794 1229 391 2955 3093 962 1282 2823 2438 3170 1674 2110 175 902 840 2440 986 184 26 403 3017 2031 263 470 3021 1299 1153 1238 366 2987 2311 460 1288 260 736 458 528 718 1595 2357 715 2897 285 1359 631 2557 405 1222 2474 1186 2232 3015 1355 3 2816 900 977 2253 1156 2153 1159 2794 903 1322 186 1591 1749 1792 
1952 2985 24 1779 830 2660 1060 1585 2842 2519 1989 15 1027 544 1700 2707 1297 1815 2711 2894 1391 2457 1112 275 605 837 770 2808 1306 1466 304 1788 2693 29 2699 566 2426 1890 1851 1385 806 3122 2699 2879 1296 1041 1419 2258 1081 2809 2674 2881 3045 2930 1196 221 1550 2002 964 104 2185 2634 1822 2230 1066 143 960 1408 611 1580 597 1173 759 2770 2721 658 1933 478 1331 3176 2532 591 234 1412 1560 1890 1950 364 1303 1855 382 2068 1094 2947 1413 2914 144 2571 1772 2747 1761 679 383 1556 39 669 1045 2674 2106 2684 2182 913 
2407 1040 975 1466 2087 2522 1583 2636 2453 1990 1095 2657 58 36 1441 1425 1980 718 960 3034 970 2652 770 646 1909 2376 1960 6 410 2786 359 697 2713 1401 2688 1179 2336 2022 2664 2655 1062 338 758 3171 2343 808 21 703 2934 1535 2428 3096 1347 737 559 350 2876 1852 1560 992 2580 2727 1259 2723 111 386 2560 377 3177 412 68 229 1241 1808 3164 1866 911 686 2317 678 2233 1522 163 2648 2277 2326 2396 2654 892 2825 2520 3141 369 2186 2631 1941 2393 1195 1668 197 1756 1097 1430 3067 2137 2982 1428 1890 143 1480 2899 2990 
2752 1988 2494 3046 2388 1382 1035 482 3063 2218 1067 2962 1852 2421 195 1930 2696 967 207 3134 2301 323 624 1192 2713 1764 756 1488 2130 268 2899 955 957 2386 2291 674 1219 2449 3101 2188 620 2766 2629 1536 2594 2413 2211 2140 507 1044 805 2463 2725 1932 694 319 1731 2686 968 1024 2719 2486 1446 572 2158 1204 2872 1610 2955 2427 730 2009 1130 3048 2006 1681 1834 1913 1923 1799 1214 3029 1200 2349 212 1160 2069 1363 1792 1521 2477 2124 1207 2580 3181 2833 2082 1629 933 2808 1782 2109 2406 2162 2267 1160 1386 1706 349 2767 1930 2607 
2656 2191 877 569 766 3029 1706 1907 968 1901 37 1280 2540 1556 467 307 616 918 2670 2113 3041 1963 906 885 2649 177 2720 1951 2609 1929 3047 1817 422 3118 2515 245 1405 2699 1558 5 17 2203 2978 611 946 1964 2490 840 2485 2692 2102 2729 2264 3011 2064 407 2126 262 819 1831 1648 482 2699 1316 2082 2970 496 3029 1444 146 638 1294 1417 1421 1790 874 2991 1018 754 2004 341 1962 3169 495 2444 258 191 718 3066 2167 2025 1807 1078 806 2354 1883 2748 1224 419 2648 1057 1717 656 2716 2863 435 84 688 1121 1568 1667 2668 
2100 2601 2431 2233 1846 1307 1067 1031 3163 2617 287 1932 1899 2218 2701 650 2738 255 1393 98 2244 24 416 767 1966 2800 3134 1926 1478 2050 50 2900 2290 1311 1394 2047 2137 2663 2757 1403 1811 1541 391 519 278 2581 1678 1886 1550 2171 2105 1321 847 1441 501 2717 2782 612 2521 726 2307 2618 346 2974 2092 1472 2039 886 2727 131 3042 1968 2190 420 3060 2624 648 1028 556 1726 304 3023 3153 1572 2679 283 2420 2669 1354 838 1798 1781 1416 1274 1682 2713 1855 1925 340 1134 1067 2340 604 461 2474 1570 1649 328 1087 2764 2117 1668 
891 1444 2077 1181 2660 2817 1488 896 543 311 2695 2327 683 2902 2778 1380 2059 1777 652 162 2930 1085 1157 1524 2784 200 1159 610 2264 2970 2960 2031 1146 2077 1447 1474 893 1546 1109 2458 3011 2110 2173 2277 2621 691 536 2523 286 583 2624 1096 2972 1570 2094 1508 3072 2955 2696 527 1328 109 2733 15 2927 2276 1427 639 2158 111 2278 1038 206 1483 964 1374 2212 2439 278 483 163 1085 2046 1845 1820 113 2459 871 2565 2716 1589 2310 700 130 435 2779 1182 20 2635 2146 416 431 1366 2513 1329 2399 703 2663 1208 607 1899 2772 
1621 809 2619 699 1383 1542 1776 3019 2 2532 1405 2214 1741 742 1519 1865 1493 1660 3053 2416 1629 1912 408 1814 2510 2925 755 3080 2486 1981 291 392 2547 2819 1349 1650 2061 622 1996 2984 2831 1085 1428 53 2581 2630 2671 2281 2227 1008 440 2808 2363 2317 1958 1307 630 402 2788 3063 1912 1993 226 985 3117 565 2842 259 1521 1911 1688 310 1365 427 395 280 2968 2594 2134 1183 2311 2333 1844 1877 2225 1906 476 636 3076 908 2232 1839 916 1143 735 1877 316 467 222 2061 790 196 724 15 2897 380 2430 243 2082 2568 298 355 
2495 2292 2294 914 2113 313 1967 3070 1733 284 3056 1133 89 2953 704 971 2888 623 54 254 3163 2502 2719 2219 398 647 1790 2895 1325 1416 1640 914 1565 2179 642 1461 3035 2762 7 866 2475 2463 2543 2688 2815 1500 1158 2322 612 2578 1713 699 1011 3083 1249 2178 2104 2786 933 1872 2999 1823 1260 775 2088 1945 1461 1430 863 3030 1180 1487 71 329 369 1117 1286 2210 1263 2678 1397 2185 2844 1032 835 1146 184 2842 2649 163 352 2897 770 585 3150 440 1730 2819 1457 441 572 803 2403 1428 2810 1731 1783 2503 588 2117 611 1438 
1904 280 311 881 2918 3104 2902 1018 969 648 3021 127 1479 1631 100 1321 754 924 190 2176 1852 23 1668 1767 1988 1146 380 468 2055 2579 2539 1159 317 1891 561 371 2293 1833 817 421 2812 2990 1770 2780 273 3041 1031 1275 830 3085 1779 121 790 796 1572 1643 110 742 426 1616 2702 403 2902 358 1496 1331 1537 1689 2766 2055 362 1052 886 171 2268 2610 1107 1021 3108 709 1036 1609 2541 1692 2914 1801 1136 1866 29 115 923 2791 1246 583 443 148 927 1386 1465 774 2848 2492 2774 666 736 2160 3072 1490 808 2090 3097 1403 
2094 2766 263 2541 1754 2736 1502 762 2311 1894 2259 512 3025 1956 638 2943 2428 381 2733 512 3127 880 38 2600 2870 107 3009 1967 1181 870 361 1095 986 438 2361 2458 1036 1593 293 2274 130 903 1579 3180 690 473 619 605 1474 1748 3162 1494 2240 1233 1643 95 1660 1349 713 2101 992 362 992 1744 357 1357 68 2845 1998 1790 1705 1785 1701 1911 1744 811 1765 1214 2571 119 2393 631 1878 838 1338 2601 1874 2816 862 1304 2758 2807 3129 2404 1907 2611 2634 773 1749 2615 2419 3089 1371 731 2122 1059 2841 889 3126 2379 2220 1655 
3015 2535 1067 57 2172 856 2201 2722 2361 388 2925 445 1749 421 2718 527 1372 2450 2321 2039 2046 1988 2685 2094 52 2340 2356 2547 1486 3160 2151 3051 260 1122 399 370 468 637 2312 229 495 1345 1174 1789 2760 1083 2173 1151 2056 770 2043 2838 1934 730 2106 1872 2925 779 1150 175 300 3158 1161 2658 879 1370 1466 993 239 955 2987 889 1389 169 2435 1637 1796 2236 1682 1863 2036 2370 946 598 1825 506 683 1322 2790 1726 2142 2670 2342 348 2188 2543 1709 2138 649 1253 1175 1359 1051 831 462 1258 2931 2808 1433 375 3134 2786 
1072 1096 3185 2799 698 2289 661 45 2774 2126 1028 2420 896 3036 475 1467 2867 825 2488 651 2209 1129 1283 909 1093 1769 1890 1273 111 1438 842 2752 1535 2928 2435 2722 885 1768 2906 1031 120 1270 2849 2458 612 2409 2862 775 665 651 1695 1945 1410 638 3073 1446 2309 2974 1039 742 1639 954 2036 816 1495 2928 807 2151 2630 1485 123 62 2312 2011 2897 609 888 2388 2884 46 2544 2120 716 2170 2463 1791 3113 2960 842 895 1750 805 718 1715 1925 317 321 1742 1271 146 19 2227 692 437 2751 580 724 2719 2967 1796 2820 2205 
2703 175 1996 0 2237 627 1130 1415 135 517 737 634 2943 374 1797 625 245 2364 968 1500 1482 1093 140 2766 2325 1623 2302 570 2133 2174 1546 2006 841 2259 667 315 1477 1055 1788 622 495 3162 2560 465 200 2160 603 859 1723 2504 946 199 1255 1322 135 1908 2927 1908 2763 2788 1028 444 882 2352 3062 1576 5 2176 1 2993 2888 1363 2661 1801 963 2053 2214 2250 2835 1889 2690 2216 77 2320 983 996 1086 2907 1220 2752 1223 3049 1528 3015 1281 2100 1876 2273 2893 2603 3177 2386 1075 534 2622 2653 871 2056 2297 2522 2031 2916 
1284 1675 3154 1712 3061 2624 29 2074 1156 3088 580 2764 394 725 1048 2893 1092 1709 2810 2830 1268 3112 1840 951 2535 1385 475 2790 2137 2992 1801 2692 2745 2419 237 3018 2199 1055 992 1879 2996 1006 275 943 2488 1072 35 1309 1950 1572 2904 2092 1022 1745 2348 3080 1578 2682 1939 2204 1263 2168 435 2126 2876 2608 3068 2975 302 603 1840 1841 27 1267 1855 1912 1861 2582 1377 1360 351 1622 2801 2219 2512 1333 1265 1976 989 1084 959 29 785 1404 2072 1279 1625 1221 2220 1042 1585 236 3181 1774 352 1542 1443 2177 1313 593 2563 1192 
3137 530 919 2135 1973 912 3113 127 2135 1443 1280 1341 1862 2674 2574 1361 597 227 849 495 657 1393 2359 2173 1799 3036 2654 3098 1862 2326 2730 819 1908 1997 1295 518 292 1413 1378 1853 1835 2297 1410 299 3181 680 1249 697 2613 2069 2285 685 2162 1489 2503 13 237 831 2168 1979 1450 2513 2727 172 2745 1451 1671 3070 1704 117 288 329 1284 1199 1281 1245 1443 930 254 25 1320 1745 1246 3013 3110 1107 1994 2081 1506 2942 1576 987 1077 2025 1620 462 2794 1125 1879 799 958 2446 2238 3155 2027 1925 246 2209 2875 551 1768 1118 
3067 678 1331 583 1974 1115 2416 3014 2046 1237 1355 1218 1414 2196 1976 2398 3114 1491 2118 1076 2344 2678 1735 1837 3000 550 478 906 270 807 271 3107 97 3114 2143 457 654 1626 2576 2234 2753 2715 268 1360 1068 809 116 1744 8 1861 2121 1650 1897 187 1758 2084 496 1645 1124 2733 1999 266 585 1702 2022 2180 2399 5 1717 2852 2770 11 1558 656 2301 3093 1582 853 378 850 251 2058 1296 1591 2110 1237 1754 203 776 1490 1270 970 426 2249 719 106 1359 549 940 1865 1866 1397 3140 1287 1143 2957 1708 2870 2276 500 145 2305 
2305 156 625 1182 1679 308 2867 14 2783 1908 937 2892 1312 327 961 838 1185 2348 1933 3057 1433 2470 2604 263 1027 2146 1884 2324 1442 783 266 623 2413 1264 1423 2456 1220 1768 2524 2791 1565 2144 84 1020 803 590 854 651 208 1721 2368 2570 2081 1883 2129 731 476 915 156 2646 2041 1775 2705 103 153 2590 1775 2491 258 1121 1498 3162 2225 2858 1814 221 1150 1122 1011 571 2736 2259 1281 1243 532 2960 2405 372 788 309 2982 2394 1434 485 843 2463 1965 2744 526 1858 1675 226 1055 1753 1673 1022 574 1030 189 506 2577 659 
1957 1038 232 2425 1907 874 703 3066 1661 1358 1435 2506 1576 671 348 1024 1990 2849 548 2211 2943 2379 3133 224 498 684 1504 16 2556 1703 937 96 2514 1537 2793 1218 2405 2618 2297 1856 1328 685 888 361 1608 605 1502 1236 1285 520 676 3066 1528 2193 954 1646 1724 552 2132 1000 3060 1709 873 701 116 1323 770 2954 2222 1875 2620 1570 420 3098 2180 2047 2441 638 1077 2956 571 2636 1539 3032 3039 2065 2712 1940 3168 131 1534 2498 297 1267 313 336 53 1460 2002 2863 2654 842 3146 775 144 470 2874 978 178 2790 1765 1064 
2164 540 238 1152 362 2483 3059 2923 272 50 500 3119 2841 2150 174 2752 318 337 421 1481 260 2210 1644 1805 76 1436 334 1853 619 3056 2525 2384 653 3131 2195 1039 895 145 1621 786 1077 346 2449 1152 2605 126 2759 3157 1286 1729 752 2564 1629 836 1500 2578 1217 704 228 344 1717 1085 78 2031 1267 1716 1379 187 2922 2067 2920 2652 1192 2389 2446 253 1952 2622 95 2648 1137 1676 1762 216 2660 795 116 2684 956 2791 2688 1057 2307 819 2150 2586 1559 873 612 12 1048 1330 2146 1334 2725 2364 2302 1741 1414 195 2424 1679 
1728 2375 2966 569 1120 2914 1860 1677 1924 1178 304 288 2960 2610 438 329 2025 108 1993 1876 1380 1930 607 2675 2454 2077 652 856 1418 2678 864 159 2533 769 3015 324 359 922 3060 362 1948 2479 2950 1033 1995 1735 922 616 2912 857 2904 1722 2786 535 2190 1270 336 2476 1347 132 3146 1019 165 2586 2654 1615 1528 2519 606 2917 1672 2099 1480 1772 3071 3062 833 1595 2438 1103 2660 3156 1805 135 2034 2583 2958 534 1080 585 2754 2181 183 2033 275 389 1315 1082 1898 2080 162 858 489 995 1312 1088 1663 212 3021 771 2430 2512 
2889 2362 3098 1345 371 513 1067 542 1440 2393 827 1902 885 78 2704 3077 340 1537 2445 946 2991 347 2743 977 200 658 1510 1755 1253 1461 620 693 2263 1902 1769 1178 2781 2131 1256 1803 1387 1808 2103 903 1982 1867 2928 3066 2332 2655 1848 791 2303 1515 1485 2202 822 377 1883 1359 2613 423 2792 1256 414 3116 2691 764 1863 3185 746 1278 1793 381 30 1576 672 2064 2247 525 1815 2913 952 1501 135 1550 1388 604 728 2603 884 415 1253 1716 982 2697 2631 2466 133 1190 2368 667 1376 3053 1427 1986 188 865 77 172 184 895 
2879 3035 3186 2931 1719 2533 194 650 2562 32 2202 2257 2278 3018 1128 1122 293 1249 2072 2111 2341 1029 925 34 2026 2898 923 488 570 2777 1229 2717 903 1122 658 2909 346 2931 2820 2818 2128 1565 2546 1059 2188 2076 575 2365 2174 1099 1160 345 444 2626 2220 530 634 620 345 182 1090 2798 1701 1519 1024 1686 2346 281 145 597 71 2914 3038 272 207 722 245 998 1580 2017 2017 484 2840 700 1964 3134 2604 1310 330 2535 2822 1083 2479 2549 139 1032 804 2954 2028 121 1532 2678 2382 2443 4 412 2238 222 132 1366 2389 1290 
98 633 1771 2370 1215 1866 510 2065 1312 106 2170 522 1465 670 2392 1945 12 3005 2182 1162 2760 692 2515 166 1984 2876 1330 2915 669 2157 1745 2444 1380 2214 3118 1064 2439 2092 2923 2749 863 2763 162 2273 1026 2010 1419 1777 151 606 1760 1954 1373 3048 1843 2870 2223 1265 758 1572 2774 150 878 1575 3153 2579 1539 1498 1853 1104 308 1482 1983 2209 1707 347 752 346 1406 2155 2424 2353 203 1578 2902 3021 1226 1262 2186 1180 1138 852 2410 881 396 1800 1124 1429 2641 2147 2865 634 316 2728 2873 2655 2121 2481 3169 2225 673 1220 
784 486 266 1997 1208 2738 3159 2604 1127 1389 2606 1246 436 2644 219 1774 2075 2398 2464 1235 921 2190 2252 2570 546 1693 1959 2256 1276 812 898 318 2401 133 749 1174 587 2820 992 2894 1154 466 2883 744 3131 396 415 2134 223 151 1312 1560 1964 1681 1913 1984 1599 2500 1892 1792 2455 525 664 242 1013 1959 1414 525 712 2295 2249 2990 2170 864 2698 2337 873 153 779 1098 2254 2887 2001 1754 1379 1629 1656 1052 1312 1088 2502 2183 2107 2418 2272 535 2115 2286 2278 305 2453 360 3143 1702 2002 1256 2177 2090 2422 241 1971 661 
234 2615 1261 2274 77 1197 313 18 2989 3020 0 964 1161 1183 3183 1244 3081 1372 436 478 1670 757 549 1950 2035 1518 2001 593 428 1420 345 2068 2218 2446 822 436 2463 2340 2707 467 733 964 1787 2899 1781 1427 2657 2914 487 987 1783 1428 2947 1305 232 2764 2788 2496 255 2949 1707 112 1761 2069 1203 515 2185 1819 1124 854 3156 1266 2572 2851 3060 101 410 1134 2507 994 2739 1359 923 576 2516 1931 2606 1465 461 186 745 3084 2274 1997 1866 1540 1752 1979 165 1286 1773 2658 1343 2475 397 3088 2364 10 589 859 333 2755 
779 168 2816 2555 1686 156 3127 1606 1162 2212 1046 1866 1980 403 939 809 1430 1394 3084 3168 165 2723 2343 2135 1289 2592 3098 1532 698 530 1518 1564 1899 1385 165 3085 2145 1651 1619 3057 2004 2184 2740 1944 2295 2477 651 1664 446 2298 2699 1473 823 1191 1133 957 2836 2033 568 1819 3110 1603 2111 1264 669 2355 2874 3120 2649 3069 3180 1545 1497 872 1368 2316 279 274 441 292 2458 1646 2479 1486 869 1603 1945 1668 1280 2876 1550 459 303 2811 781 673 2330 2594 1054 2908 2019 1817 1988 2975 1981 2969 799 743 548 805 692 670 
2116 2206 1677 456 2685 2466 397 859 2042 629 273 0 993 1795 2885 710 2369 2571 1093 2228 1279 2319 2952 2055 1310 1059 564 765 1914 39 100 218 289 1660 1458 1055 2683 1548 792 1722 339 2898 66 1144 1814 3137 2331 782 2924 766 3038 1348 1213 292 736 2493 1511 728 2426 1765 1101 1054 2232 1334 131 572 1225 412 775 853 1313 2540 1106 2006 867 198 129 2655 802 1728 1301 1454 2383 1318 1393 2806 1185 2012 1317 647 1461 1842 20 14 2344 1802 2211 1757 1850 2184 1901 2795 947 2963 2843 2293 13 967 1963 1067 1857 2550 
2247 7 2417 2644 1481 3059 657 2282 2318 1682 170 2324 2960 2504 952 31 2171 2129 3050 2723 575 2334 1213 93 1694 2959 440 3097 841 971 1207 2338 1102 2633 2097 2929 2194 927 1921 2848 1576 671 2224 2774 3141 255 2552 340 2639 1863 2259 1949 2980 1533 1822 1320 2313 1985 1151 2984 84 1238 2871 1265 3174 1592 3022 1950 886 955 1261 222 1353 88 1644 2100 1552 2170 3134 232 1962 108 2453 1678 225 484 2440 2073 2936 1285 1364 1721 2994 450 515 2501 3053 2239 2473 463 719 2223 1945 1538 2380 1696 3033 145 2843 1104 447 137 
55 1611 1296 252 1871 119 2147 138 2266 2089 2456 1496 1151 2307 1068 790 976 1100 1072 754 1896 2426 758 1689 1786 2490 509 1866 1914 2427 2032 732 773 2622 2380 1419 440 426 1741 1003 1250 969 2435 1845 2849 1617 1206 493 467 530 1360 2414 392 2511 1251 842 1747 265 671 1687 337 1827 77 152 1682 2097 3105 1951 362 1869 1384 2193 2657 1228 886 367 2900 3144 2544 1231 2069 193 450 470 67 3077 1411 2240 989 953 1638 2641 319 1488 2692 236 1134 213 348 256 2571 807 938 1651 565 1535 1 375 479 2499 2327 2505 
2495 2362 2110 2879 2557 1025 2284 302 2715 2542 226 1951 61 2446 2325 690 1008 2448 585 295 1633 2297 2400 1762 1400 1928 1459 949 603 3129 2350 1073 2442 2090 1018 1063 1897 1640 2933 2342 138 33 1819 594 2950 1472 1622 1872 1132 2476 1027 815 585 1231 610 2081 1623 165 550 548 2516 167 1287 1122 980 2397 8 3037 1146 350 37 1547 1762 269 2978 1962 1045 1228 2624 1204 118 1746 195 2790 2659 147 2389 1967 2285 1814 2242 2319 3149 523 1307 1896 2603 2486 2888 772 578 1317 2337 2812 2938 1051 2827 2881 1757 2303 2829 2681 
2563 2395 2843 2929 3077 2215 2259 2070 1874 437 2243 1547 2426 1349 3171 611 1424 2736 2640 586 1626 1185 307 3160 639 604 2387 346 2761 1162 1451 2999 2002 2052 2802 2352 1875 1536 848 1542 2544 3177 2719 1133 2180 1936 537 1953 3167 990 636 767 1321 553 1610 1539 31 587 2235 1787 2184 1432 1570 2998 1492 300 2631 1388 368 1507 992 2146 2307 2478 2711 1196 2545 69 2729 726 2751 546 3169 2869 125 3123 2278 1959 2110 1633 1956 1658 719 457 1175 3122 41 2168 1739 1455 2762 2885 2032 1613 2836 1821 1165 1966 120 295 2709 1861 
83 2821 2777 1463 3080 1905 1615 1366 451 1392 558 2883 1339 1460 582 198 892 653 2459 982 2561 1479 2 1642 2685 2778 448 2792 1349 436 2068 3002 363 356 2020 277 2681 2325 1180 885 846 1398 2469 3021 1296 836 122 15 12 2722 1626 2795 845 3164 20 3177 391 2905 3013 1960 2504 1866 115 2040 1567 381 3077 1924 576 1792 2392 2886 558 1173 2375 1215 215 2292 1803 3097 1254 1183 1766 1179 1121 484 635 2605 3128 2669 2640 1127 1410 2151 75 3115 1483 2519 2553 982 964 1533 2849 3172 721 2279 812 3027 2991 2597 1539 818 
780 2803 62 2081 2769 216 1832 1483 1052 280 1081 1380 297 1347 1752 1051 2081 353 521 2867 994 766 2266 1603 727 2840 2668 2326 2568 397 1477 1154 2599 1537 3031 1361 1389 1569 283 861 1445 2429 2747 587 995 691 2971 2097 2989 3133 3 2886 816 1299 2106 2187 2474 1280 2735 2452 2249 2324 980 437 2799 810 2091 565 1156 637 2625 68 1965 2358 2883 12 1966 630 1562 2533 1594 1910 936 1235 1618 12 1186 539 57 2980 1316 2430 269 2864 1339 1974 2312 2863 869 1626 2715 195 421 2093 1658 176 1651 2323 2698 2437 2237 2719 
2276 383 2045 174 1071 1681 1232 1599 2806 1196 2681 718 515 2468 817 1271 2500 1599 664 985 2016 797 3029 1310 2399 2378 669 1328 763 626 1145 587 1541 2309 540 2283 2245 438 3126 121 1599 2368 2110 762 2127 1922 848 1276 930 2851 1425 2711 2544 1398 1868 832 835 1321 2831 2645 1973 2885 2481 183 1506 2835 1590 2809 2235 2439 1853 2522 519 870 1632 1388 1415 2428 1008 394 702 2426 2576 1563 1641 342 1422 1405 1454 170 450 650 2906 2364 2982 500 1226 2661 3087 628 1158 200 2831 1223 2656 414 1318 324 375 1578 442 2935 
3175 1113 208 1833 1562 2526 2157 76 34 2493 400 1559 1545 1227 2068 2075 2238 568 2178 1694 1365 1001 3169 251 3077 2031 1691 2245 2576 2620 438 1009 1525 2611 2718 298 501 3116 2272 487 2132 1773 2861 2114 1904 1100 2363 613 2360 317 1312 2134 1910 1455 2710 1427 2576 1337 1309 342 3138 2824 1984 1948 1037 186 1316 2185 1535 2137 864 2708 2180 2150 2597 1033 387 2124 2197 1953 742 1764 1386 2575 745 1024 2964 1105 296 294 2490 3180 9 396 3076 1949 2358 3081 2214 874 2129 2547 2634 3134 1998 964 343 624 1990 2856 170 444 
1356 1250 2 2678 981 1235 635 2234 1371 2008 1366 1601 567 2464 1262 2990 2977 3093 1470 1603 2738 232 300 1504 873 622 1068 1817 1541 2423 614 1133 1073 1873 2206 1791 3107 3175 1112 2911 3129 1943 2290 2607 2281 2089 2345 40 1334 1441 920 988 533 1123 177 168 134 136 2352 564 2669 1896 457 2093 2588 694 1065 1325 181 804 2809 2191 1671 351 1812 2720 129 1263 1104 2552 2613 2631 2060 391 1903 2115 3173 1711 1813 897 3156 152 575 2503 964 2586 618 2041 2472 2332 1912 2881 2950 2252 1323 852 2254 643 2252 2758 2085 1371 
1252 1343 349 229 2120 2467 2868 299 294 2244 1675 687 1824 784 753 2203 2450 1178 528 537 2557 1086 750 2730 1597 1780 2160 2348 734 131 2741 1350 374 1747 2815 1937 1526 190 1224 1741 106 41 2837 1026 692 2421 1158 984 1838 2365 958 2786 2233 1218 2745 3006 1237 2996 1991 745 310 1498 2593 869 1537 2183 1655 1370 2091 2023 2485 2625 1672 266 2043 544 1449 623 1885 1116 2771 1947 2415 181 1914 1689 1560 1444 1901 959 2310 2112 14 2206 1694 1676 2897 511 979 1130 418 688 3109 2268 1769 839 2904 1010 2504 2844 989 2513 
1923 668 42 219 599 764 2996 2271 1880 1199 1281 2375 2136 1187 2151 894 2602 2985 203 1428 2667 1299 2219 659 523 2183 1894 3151 1380 3012 14 2016 1710 1776 201 2556 2150 1063 711 598 3104 1236 1001 2207 1522 1642 1821 2235 3074 2766 885 1611 486 742 664 1806 2181 1872 2717 2560 1508 578 1993 484 1703 998 3074 1915 2523 705 3004 874 2301 3012 1572 546 1868 1580 352 2164 1519 2870 3186 2008 273 3154 3029 1316 3172 3119 1831 1950 1885 1113 2896 2101 2007 1075 1322 1463 2572 554 1592 493 1678 1096 300 2231 1273 1889 1155 2984 
1863 694 452 1832 2681 1028 2529 2099 157 2860 166 1575 1051 2100 2076 2293 19 1274 189 1523 401 544 2330 424 1272 1621 2960 2240 2714 1737 352 381 1781 941 602 1168 3097 2016 1028 2187 996 711 164 1084 1843 1320 1808 2091 3105 607 12 3167 579 628 1061 2260 997 829 2114 2871 528 1813 779 1942 2672 1949 2015 2531 742 137 1192 1796 138 2367 2907 2108 702 2760 899 4 2213 53 119 1917 252 898 2171 2148 1833 913 202 1977 1746 1804 120 447 116 558 1702 3033 2142 1172 1476 444 2542 376 485 2945 1544 983 2828 3170 
596 2810 2670 194 1827 59 659 2072 3088 2895 830 1222 637 1022 2035 883 1009 529 429 2391 2855 2759 1973 3128 2541 3012 1187 812 534 172 25 258 709 810 443 2850 1025 1103 1213 108 2528 697 581 2017 280 1694 1057 2466 916 1704 2626 257 1245 1222 2373 1387 2965 1387 995 1343 2693 2705 600 2911 1202 890 618 1434 1175 2973 2912 1628 1160 337 2170 1157 1816 2317 429 2024 2016 3101 2005 3127 818 2778 2141 817 1807 1505 2708 1261 1160 704 827 2570 733 1725 3130 3144 2498 2841 2762 2413 216 1180 2917 1140 2398 1703 2318 2793 
283 2331 2860 1462 1196 589 3020 48 1038 1581 2055 2978 938 1622 2233 1076 2589 60 256 949 2849 2852 1563 1304 1673 1486 627 2308 2443 3083 965 709 2920 1796 286 363 2193 141 2447 121 2975 786 1785 1590 1579 1079 1141 2063 387 976 684 2920 1345 2884 1220 167 800 2102 1866 911 794 2431 450 1563 2788 131 1736 490 2819 853 1192 1450 497 1931 2050 721 1334 595 1277 2394 996 1155 2523 2306 757 2336 2460 2263 1765 995 2400 2069 318 573 250 90 778 1151 1308 411 18 2698 528 610 2292 262 2374 1786 750 555 2907 940 
414 1220 2266 1597 2747 2529 1727 1164 2594 894 1981 764 588 2997 1577 1560 1013 1831 960 1880 1705 648 804 713 2 2535 293 1348 2087 2506 306 453 3046 2228 3156 2665 2823 1668 1312 2144 2958 2066 222 870 795 1719 857 86 786 2199 157 2128 2804 372 534 690 1114 253 1619 1215 752 2077 2998 11 2749 2090 2080 2557 2197 2361 1500 2428 216 3126 2043 3164 1087 1837 266 766 1198 2793 947 2106 2639 673 741 1005 573 64 1660 1547 260 2643 2811 765 202 829 3074 1108 2685 725 518 1172 1524 1558 1849 2602 960 1250 491 3120 
1880 1863 2638 1741 456 1873 931 787 2665 1517 1636 1213 2308 2041 1807 771 2788 2 2784 986 197 1600 740 1640 1422 1632 1019 3089 356 3174 1497 411 147 449 2869 1099 2075 996 1123 950 623 873 2478 2430 2613 2785 2336 1509 159 1432 3017 2976 1217 655 1158 164 3137 2938 2572 1338 2593 424 755 1043 452 1013 1879 2003 643 2717 2613 146 1690 2471 1346 1476 837 325 2054 2992 186 1772 1993 2640 791 2314 3095 974 2386 551 922 1011 741 1221 2924 1726 2625 2434 828 1946 1658 1724 952 3022 2419 287 1336 2907 93 244 2153 1488 
124 790 1223 2690 2515 3049 842 356 1179 2996 2471 2931 1081 420 2451 3059 1610 427 2516 1484 1848 1022 2865 722 2187 1352 1289 2953 1676 2730 1362 1428 2525 3008 2025 924 644 3006 1632 2260 650 2031 2988 1053 1455 1724 1727 761 120 764 1777 1905 2465 2908 472 135 193 2965 1746 2978 222 2541 2200 3081 1643 1966 2885 2291 1094 804 2549 868 773 1156 1520 563 114 1539 2184 1228 1429 287 2603 303 1077 492 46 1748 351 2127 951 2861 941 108 2945 212 430 1199 2921 115 2631 2951 389 2752 1813 697 1549 903 2213 2102 2945 700 
2246 797 2386 1738 3060 944 1146 1725 1543 2803 2517 3166 3133 1870 2556 2367 1806 928 1376 2280 1207 2429 3161 2567 1081 1835 183 2218 1887 2931 748 2828 1000 2104 2263 1517 1989 2275 1846 961 1774 1332 439 2199 2568 1885 2012 2573 36 1744 1782 933 2040 2014 702 1180 979 893 1823 1607 2266 2998 766 709 940 1669 1780 1550 1809 2126 1534 2748 1629 509 1646 1980 1465 1472 135 330 2530 1215 3079 639 1140 3043 548 1171 1492 1400 1600 786 695 1388 91 1902 2821 2688 1687 1643 528 1780 1330 2717 2293 2003 2180 2522 2065 606 2331 78 
629 426 2099 858 1361 525 1546 288 2622 1932 848 2802 948 2104 1862 2289 351 2275 2314 1728 2549 1762 3048 2318 146 1942 806 1853 2599 681 225 2969 1204 2763 147 1676 2649 2102 1677 1892 1934 368 1293 2284 3005 2738 1503 2891 2513 758 812 224 3060 1594 2651 2771 2583 568 2894 1800 2105 637 2292 3114 3182 2586 1941 1032 1400 2679 2900 2865 1364 744 3136 2313 1040 1125 3173 1249 430 2475 135 1436 2441 1274 785 959 3051 1600 2274 1496 2491 1473 2016 1695 1906 1126 3133 1926 1368 2245 1967 812 2475 2318 1691 2525 1193 1407 28 1071 
2472 730 97 2469 828 3180 2737 2655 1503 1096 2689 1084 828 3016 40 928 2887 1859 2949 2505 1823 1446 2671 2991 2197 2913 1607 3001 1691 1539 458 211 1736 998 1550 2406 27 1592 3077 2391 190 2506 1296 2453 2297 2713 879 2442 3045 1023 118 2525 1674 2159 1879 1925 2362 1542 425 1138 119 882 1289 2960 228 2089 1128 2418 2637 1248 2538 2427 1106 1382 3168 1043 1505 2745 867 1420 938 1941 1170 355 759 2150 39 1785 2340 1177 232 2392 1691 145 230 451 1554 145 1637 1291 1596 1248 2336 88 1629 3154 474 2550 1346 2985 259 1142 
1174 1528 2853 1968 2211 1843 542 2205 893 1039 1732 168 551 549 1618 2209 1071 1188 2798 2795 3077 457 1451 946 1039 616 891 1962 604 2374 1613 71 1876 907 2642 3162 2931 842 101 3061 1743 2301 1848 2614 1063 3011 2887 452 813 1297 2201 1105 754 1063 1249 440 1851 898 2747 120 1865 1479 2352 3135 1561 1497 2310 1798 2652 1039 433 905 1758 92 2069 2927 2192 2463 2743 3172 575 2930 2041 165 1097 1983 820 1828 1782 625 1226 36 2925 1494 302 1263 422 1721 2997 1156 661 2970 1592 1057 768 1841 2929 1082 2465 2748 867 2756 
2344 1578 901 344 1823 3024 1156 2283 3099 3143 704 2044 1431 571 1359 1575 2707 1494 3033 2339 2123 1891 329 2089 1964 2379 428 63 2829 609 808 31 1298 2938 2272 807 1279 2519 642 2916 3151 307 2799 1890 1114 2340 617 1986 362 2693 1961 2701 769 1474 2211 1510 2089 878 1820 2246 323 381 114 1993 2984 1082 2840 2831 1459 981 788 1445 2561 1626 470 1822 1625 691 922 2486 1573 328 142 416 2277 648 282 1658 1713 339 2408 1219 2352 648 523 1914 14 2554 740 676 165 2143 359 134 1008 87 3135 1101 888 1283 3115 2784 
353 1583 2505 3174 2883 204 384 496 2889 1798 1159 367 1634 1678 2896 2140 1358 2459 1578 1666 262 1050 2306 256 2814 50 2599 2577 1095 2781 400 1880 976 1405 2904 2317 682 1421 2326 280 424 1417 3136 2413 1661 926 1065 2108 2182 2726 2729 722 111 2401 3084 796 567 366 2099 1373 2745 477 738 679 2516 3062 2354 3121 2653 1045 648 1261 992 161 765 984 838 556 86 143 1610 1998 1656 1894 2086 813 1034 492 1613 2341 2473 1206 2951 2408 1335 2733 1708 467 1503 1914 572 2486 2879 1152 2974 2461 2863 2724 2194 986 1798 1899 
484 930 391 1184 87 1240 711 2260 2020 3157 1609 1619 850 2664 2330 2704 1846 1648 2563 2416 263 2728 3008 3072 700 2606 559 2485 569 2879 2333 2922 2217 3184 2258 650 365 1091 1048 224 1296 1459 930 2700 1458 788 2794 2075 521 544 1252 102 2043 1653 2584 370 2860 618 2896 227 259 2955 965 2051 353 2913 1113 1403 1379 2602 1974 2576 1651 46 1504 2356 3172 1424 1616 2168 718 3109 1393 3049 3060 2236 552 1541 84 2759 230 3108 22 2840 1617 2360 473 367 1734 3172 1539 1645 2282 2733 968 1590 575 2658 3062 2600 849 1546 
21 99 101 39 42 38 2 72 97 22 61 51 88 37 83 36 86 5 76 41 50 64 45 53 80 102 63 28 48 26 55 34 79 19 107 14 104 23 110 85 78 46 68 92 94 1 24 59 17 111 77 90 69 9 11 112 75 52 109 103 91 81 10 12 70 20 8 13 6 66 16 43 95 44 67 32 106 100 108 105 57 31 4 65 40 56 25 62 87 49 33 98 30 58 60 74 3 93 84 15 71 73 47 82 96 89 18 27 29 35 54 7 