16
72 246 90 108 28 120 260 329 229 55 47 328 238 301 256 137 
178 53 246 220 225 126 158 95 278 286 181 333 281 42 61 208 
273 330 130 100 269 157 14 42 3 182 3 284 252 162 171 331 
43 223 125 286 153 21 145 38 52 245 277 104 97 283 192 130 
278 132 241 254 219 126 305 314 57 292 321 51 266 252 303 181 
27 138 4 29 305 14 245 189 233 307 164 22 274 1 265 259 
35 255 235 77 188 300 23 70 202 47 187 258 56 153 216 116 
263 22 226 199 47 312 324 230 110 98 225 174 9 79 180 128 
91 334 132 132 3 271 120 66 271 139 218 174 250 58 69 195 
98 236 224 100 245 294 274 229 14 319 135 235 106 65 112 152 
320 105 294 195 188 279 148 173 181 119 313 178 237 289 93 327 
313 17 201 29 335 148 14 55 212 233 235 298 323 302 319 228 
6 257 76 235 63 121 128 113 190 330 200 165 133 250 246 12 
180 5 279 92 78 68 333 197 114 183 312 48 302 190 194 263 
55 272 258 19 308 322 31 252 305 34 105 244 122 33 26 96 
117 47 246 7 316 237 187 7 138 176 282 275 180 35 47 55 
1 4 10 14 5 11 9 13 15 2 7 12 16 3 6 8 