31
126 165 350 632 0 204 661 384 609 629 60 264 622 378 547 33 65 558 609 265 672 81 259 446 642 53 625 232 338 580 583 
246 304 155 138 285 526 480 349 99 190 82 405 454 527 176 424 566 219 485 4 648 618 30 494 623 649 520 573 616 392 86 
48 326 121 488 169 66 661 75 39 158 144 267 541 317 438 557 34 294 347 45 554 92 544 527 562 552 292 248 259 585 408 
77 337 145 357 566 447 559 651 387 344 150 138 152 479 431 120 356 385 157 311 575 302 480 310 495 214 672 150 134 334 240 
338 475 279 607 549 582 293 321 628 608 666 39 484 548 454 76 587 672 225 388 232 477 549 254 658 216 620 100 81 187 316 
147 81 143 574 631 156 178 576 674 450 203 567 507 539 318 450 22 23 288 491 101 663 283 418 409 602 344 26 615 104 74 
473 474 146 489 629 607 408 475 507 540 177 279 536 362 319 244 147 393 168 23 630 8 592 374 652 315 670 461 571 93 240 
161 617 249 326 603 24 278 406 431 649 302 321 476 505 58 462 365 481 358 271 164 304 188 373 476 40 378 266 283 89 623 
660 519 87 307 208 372 67 304 291 251 305 358 66 515 244 537 426 21 670 468 166 171 334 175 640 569 113 203 371 203 326 
492 408 92 50 356 65 509 353 664 461 132 640 541 384 448 603 491 117 524 593 519 299 518 605 88 185 449 129 120 126 585 
15 630 454 338 672 334 369 322 461 332 213 194 226 584 466 50 313 506 1 591 73 462 236 92 176 94 53 591 173 235 124 
130 374 171 25 14 228 602 57 655 167 399 112 104 422 422 429 292 114 122 312 150 424 656 193 285 372 433 408 498 327 532 
436 339 581 213 283 342 545 124 514 109 520 141 566 19 7 13 327 206 246 591 46 602 472 238 226 515 418 383 387 55 26 
336 499 524 70 341 4 299 57 76 419 546 45 211 188 503 320 650 234 420 38 240 607 326 660 31 603 402 44 3 86 272 
466 415 181 221 638 131 514 249 432 364 290 186 377 294 618 47 531 354 541 535 52 61 284 229 494 611 184 281 150 243 661 
172 597 300 669 54 472 466 172 614 391 516 636 214 75 597 20 409 588 614 577 407 441 229 318 301 530 589 69 552 410 436 
130 596 476 520 34 595 433 320 614 164 382 173 66 655 259 599 207 343 511 667 565 410 279 453 395 498 574 519 229 561 189 
246 486 379 156 26 650 111 341 519 660 5 304 79 384 427 310 528 373 300 624 69 589 657 401 514 435 507 453 370 257 508 
43 244 499 265 35 550 445 529 171 447 234 25 171 136 507 339 373 239 164 427 138 326 162 622 203 570 611 190 473 492 252 
539 590 60 656 552 446 647 579 530 181 213 226 665 668 355 197 612 662 98 73 102 285 268 233 455 531 387 482 203 649 496 
233 473 216 637 336 560 292 594 606 140 154 91 119 415 464 601 122 98 573 554 183 103 324 298 489 270 310 290 394 207 94 
410 634 563 58 70 208 237 21 354 456 182 129 73 39 150 383 185 452 556 571 213 234 248 675 145 52 550 120 558 570 476 
238 101 596 143 38 321 352 2 35 114 469 225 417 197 248 22 675 242 652 401 179 102 113 429 432 282 205 71 133 635 541 
140 478 290 519 480 307 136 85 102 495 192 219 497 299 140 215 314 193 601 95 545 486 418 274 222 595 399 445 30 252 530 
396 345 121 562 515 497 321 199 244 531 364 435 272 209 498 384 481 557 94 126 208 399 423 238 653 46 522 400 461 45 597 
262 531 405 637 402 217 136 408 289 670 170 518 389 150 421 395 221 604 129 290 69 600 43 388 26 182 564 450 457 599 150 
60 669 281 236 576 321 328 419 207 128 594 109 590 399 558 82 47 160 25 344 404 539 657 438 240 651 328 470 29 608 277 
384 282 207 97 21 578 494 249 197 395 31 543 148 267 187 336 143 612 238 632 350 79 60 229 153 279 478 613 255 446 140 
140 382 507 308 456 642 559 468 274 238 276 175 341 648 387 605 264 525 147 271 235 64 642 174 498 97 653 6 398 144 94 
259 498 585 628 392 177 391 91 252 530 46 214 271 566 512 221 364 344 578 281 248 35 601 505 623 51 583 287 13 179 514 
94 313 332 633 39 140 612 164 88 221 17 22 370 623 451 401 436 460 21 369 92 669 473 391 567 420 508 162 416 335 221 
31 22 21 17 12 25 13 28 8 18 2 30 4 20 10 9 14 23 7 11 24 5 29 3 16 19 6 15 1 26 27 