10 47
1  1  2  3  3  4  4  5  6  6
1  7  7  3  3  8  9  5  10 10
11 7  3  3  12 8  9  13 13 14
11 15 16 17 12 18 19 20 21 14
22 23 16 17 24 18 19 20 21 25
26 27 27 28 28 29 30 30 31 31
32 27 33 33 33 29 34 34 35 36
32 37 33 33 38 34 34 39 35 40
41 37 42 42 38 34 34 39 43 40
41 44 44 42 45 34 46 46 47 47
14 1
9  0
32 1
8  1
14 1
3  1
15 1
15 1
11 1
4  2
6  3
1  2
6  1
50 3
1  0
3  2
7  4
15 1
1  2
6  2
13 1
8  0
10 0
2  0
4  0
7  0
18 1
11 1
5 1
15 1
11 1
5 2
3600 3
36 1
8 1
7 0
24 3
13 1
7 1
6 2
5 2
45 3
6 0
8 1
4 0
1 2
3 4