  3   2  16  20  18  12  15   4   9   5  17  14   6  19   1   8   7  13  10  21  11 
 13  11  17   5  21   6  14  15  12  16   7   8   1  10   4   9   3  19  20   2  18 
  8   1   7  19   9  10   4  20  18   2  13   3  11  21  14   5   6  12  15  17  16 
  5  10  11   9   4  14   1   8   6  20  15  21  16  12  17   3   2  18   7  13  19 
 20  19   6  16   7  17   3  14  10  18   2  13   9   1  15  21   5   8  12  11   4 
 21  13  18  12  15   8   2  17  11   7   3   4  19   5   6   1  20   9  14  16  10 
  9  18  20  11  13  15   6  12  16  21  19  17   5   4   8   2  14  10   3   7   1 
  4  12  14   3  17  19   7  10   8  13  18   1   2   9  21  16  11  15   5   6  20 
 10  16   2  21   8   1   5   3   7   6  14  15  20  11  13  12  18   4  19   9  17 
 16  14   9  17  20   5  11   6   4   1  12  19   7   2  18  15  21   3   8  10  13 
 19   8  21   2   1   3  18   5  13  11  20  10  17  15   9   6  12   7  16   4  14 
 15   4  13   6  10   7  12  16  21  14   9  18   3   8  11  17  19  20   2   1   5 
 11  17   1   7   3   2  19  21  15   9   5  12   4  18  10  13  16  14   6  20   8 
  6  20  10   4  12  21  13   7   3  19  11  16   8  14   5  18  17   1   9  15   2 
 18   5  15  14  16   9   8   1   2  10   6  20  13  17   3  19   4  11  21  12   7 
  2   7  19  15   6  18  17  11  20   8  16   5  10   3  12   4  13  21   1  14   9 
 14   9   4  10  11  13  21  19  17  12   1   6  15   7  16  20   8   2  18   5   3 
  1   3  12   8   5  16  20   2  14   4  21   9  18  13   7  10  15  17  11  19   6 
  7  15   8   1  19  11  10  13   5   3   4   2  12  16  20  14   9   6  17  18  21 
 12  21   5  13   2  20   9  18   1  17   8  11  14   6  19   7  10  16   4   3  15 
 17   6   3  18  14   4  16   9  19  15  10   7  21  20   2  11   1   5  13   8  12 
