12
12 0  11 10 0  0  8  0  0  0  1  0
0  0  0  0  0  9  0  11 0  0  0  0
0  0  0  0  0  0  12 0  6  5  0  0
0  0  0  8  10 0  0  9  0  0  0  0 
0  2  7  0  0  0  0  5  0  0  0  0
0  0  0  0  0  0  0  0  5  0  0  0
0  0  0  6  11 0  0  0  10 0  0  0
0  12 10 0  8  0  2  0  0  0  0  5
11 0  0  3  0  0  0  6  0  0  5  0
0  0  0  0  9  0  0  8  0  0  0  0
0  0  0  0  4  0  0  0  0  9  11 0
0  0  0  0  0  0  3  0  0  6  0  8

1  1  1  2  2  2  2  2  2  2  3  3 
1  1  1  1  2  3  2  2  3  2  2  3 
1  4  1  4  4  3  3  3  3  3  3  3 
1  4  4  4  4  4  5  5  6  6  6  6 
1  1  4  4  5  5  5  5  5  5  6  7 
8  8  4  5  5  9  5  5  6  6  6  7 
8  8  4  8  9  9  9  6  6  6  6  7 
8  8  8  8  9  9  10 10 10 10 10 7 
11 8  8  9  9  10 10 12 10 12 10 7 
11 8  9  9  9  12 10 12 12 12 10 7
11 11 11 9  12 12 12 12 7  12 10 7
11 11 11 11 11 11 11 12 7  7  7  7