 12   6  11  10   5   2   8   4   9   7   1   3 
  5  10   8   7   3   9   1  11   4  12   6   2 
  3   1   9   4   2   7  12  10   6   5   8  11 
  1  11   5   8  10  12   7   9   2   4   3   6 
  4   2   7   9   6   3  11   5   8  10  12   1 
  8   3   6  12   1  10   4   2   5  11   7   9 
  2   7   3   6  11   4   5   1  10   8   9  12 
  9  12  10  11   8   6   2   3   7   1   4   5 
 11   4   1   3   7   8   9   6  12   2   5  10 
  7   5  12   2   9  11   6   8   1   3  10   4 
  6   8   2   1   4   5  10  12   3   9  11   7 
 10   9   4   5  12   1   3   7  11   6   2   8 
