  4  11  16   6  10  13   2   5   9   7   3  15   8  14   1  12 
  2  10   8  14   7  16   3   9  12   1  11   5   4   6  13  15 
 12   9   7  15  14   4   1   8   6   2  13  16   3  11  10   5 
  5   1  13   3   6  12  15  11  14   4  10   8  16   7   9   2 
  3  14  15  11  13   6   4   2   1  16  12   9  10   5   7   8 
  8   5  10   1  11   9  14   3   4  15   2   7  13  16  12   6 
 13   4   2   7  12  10  16  15   8   3   5   6  11   1  14   9 
 16  12   6   9   1   5   8   7  13  11  14  10  15   4   2   3 
 10  15  12  16   3   8  13   1   5   6   4   2  14   9  11   7 
  6   7   9   5   2  11  12  16  10  13  15  14   1   8   3   4 
 14   8  11  13   4  15   7  10   3   9   1  12   6   2   5  16 
  1   3   4   2   5  14   9   6  16   8   7  11  12  13  15  10 
  7   2   5   4   8   1  10  13  11  12  16   3   9  15   6  14 
 11   6   3  12  16   7   5   4  15  14   9   1   2  10   8  13 
  9  13  14   8  15   2  11  12   7  10   6   4   5   3  16   1 
 15  16   1  10   9   3   6  14   2   5   8  13   7  12   4  11 
