Q [*,*]
:    1    2    3    4    5    6    7    8    9    10   11   12   13   14   15 :=
1    10   14   12   13    7    5    3    8   15    4    9   16    1    2    6
2     2    4    8    1    9   12   14   13   11    6    5    7   15   10   16
3    16    5   11    7    6   10    1   15    3   14   12    2    4    9   13
4     9   15    6    3    2   11   16    4   10    1   13    8    7   12    5
5     4   13   14   11   10   16    2    9    1    3    7    6   12    5    8
6     1    7   16    6   15    8   11    3   12   10    4    5    2   14    9
7     5    2   15   12   14    1    4    6   13    8   16    9   11    3   10
8     3    9   10    8   13    7   12    5   14    2   11   15    6    1    4
9    13   12    1    5   16    6    7   11    2    9   15   14    8    4    3
10    7    6    3   16    1    4   13   14    5   11    8   10    9   15   12
11   14    8    2   10    3   15    9   12    6    7    1    4   16   13   11
12   15   11    9    4    8    2    5   10   16   12    3   13   14    7    1
13   11   16    7    9    5   14   10    2    4   13    6   12    3    8   15
14    6    1   13   15   12    3    8    7    9    5    2   11   10   16   14
15    8    3    5   14    4    9    6   16    7   15   10    1   13   11    2
16   12   10    4    2   11   13   15    1    8   16   14    3    5    6    7

:    16    :=
1    11
2     3
3     8
4    14
5    15
6    13
7     7
8    16
9    10
10    2
11    5
12    6
13    1
14    4
15   12
16    9
;

