4
0  0  0  0  10 13 2  0  0  7  0  0  0  0  0  0
0  0  8  0  0  16 3  9  0  1  0  5  4  6  0  0
12 0  0  15 14 4  0  0  6  2  0  0  3  11 0  5
5  0  0  0  0  0  0  0  0  0  10 0  16 0  0  0
0  0  15 11 0  6  4  0  0  0  0  0  0  0  7  8
0  0  0  1  11 9  0  3  4  0  0  0  0  0  0  6
0  4  2  0  0  0  0  0  8  3  5  0  11 0  14 9
0  0  0  9  0  5  0  0  13 0  14 0  15 0  0  3
10 0  0  0  3  0  13 0  0  0  0  2  14 0  0  0
0  7  0  0  2  11 12 16 0  0  0  0  0  0  0  0
0  8  0  0  0  0  7  10 3  0  1  12 0  2  0  0
1  0  0  0  0  14 0  0  16 0  0  0  0  13 0  10
0  2  5  0  8  0  10 0  0  0  16 0  9  0  0  0
11 0  3  12 0  0  0  0  15 14 0  0  0  0  8  0
9  0  0  0  15 0  11 0  0  10 0  0  5  0  16 0
0  0  1  10 0  0  6  0  2  0  0  13 0  12 4  0