  7  10   5  15   2  11   4  14  13   9  16   1   3   6  12   8 
 16  14   1   9  10  12   8  15   6   7   5   3  13   4  11   2 
  6   3  12   2   1  16   9  13  11  15   8   4   5   7  14  10 
 11   4  13   8   5   3   6   7   2  10  14  12   9  15  16   1 
  3  13   7   6  14  15  16  10   1   8   9  11   4  12   2   5 
 12   5   9   1   7   8  13   4  16   6   2  10  14  11  15   3 
 15   8   2  11  12   6   1   5   7   3   4  14  16  13  10   9 
 10  16  14   4  11   9   2   3  12  13  15   5   6   8   1   7 
  5   1   3   7  15   4  14  12   9   2  11  16   8  10  13   6 
  9  12   6  14  16  10  11   8   3   1  13  15   7   2   5   4 
  4   2   8  16   6  13   3   1  10   5  12   7  11  14   9  15 
 13  11  15  10   9   5   7   2  14   4   6   8   1  16   3  12 
 14   9   4   5  13   1  15  16   8  12  10   6   2   3   7  11 
  8  15  16   3   4   7  12  11   5  14   1   2  10   9   6  13 
  1   7  11  13   8   2  10   6  15  16   3   9  12   5   4  14 
  2   6  10  12   3  14   5   9   4  11   7  13  15   1   8  16 
