 24  15  17   9   6  13   2  16  10   1  14  20  12   7  23  19   8  21  11  22  25   3   5  18   4 
 22  25  13  18   4  14  19   7   6  20  11   1   8  21  10  12  16  24   3   5  23   2  15  17   9 
 23  21  16   7   3   8  12  11  24   9   6  15   4  18   5  10   2  25  17  20  14  19   1  13  22 
 19  14  10  12   2   4   5  18  23   3  22  25  17  24  16  13   7  15   1   9   8  11  20  21   6 
 11   5  20   8   1  21  15  17  25  22   3  13   2   9  19  18  14   4  23   6  24  16   7  10  12 
  6   8  24  17  14   5   9   3  20   4  19  21  16  12  18  11  22  13   7  25   1  10  23   2  15 
  3  13  25  10  15  23   7   1  19  14  20   2  11   4   8  17   5   6  16  21   9  12  24  22  18 
 20  19  22   4   7  16  17   8  18  12   1  24  25   5  13  23  15   9   2  10   3  21   6  14  11 
 16  18  21  23   5   2  24   6  11  15  10   7  22  17   9  14   4   3  12   1  20  13  19   8  25 
 12   9   2   1  11  22  13  10  21  25  15   3  14  23   6   8  24  19  20  18   4   7  17   5  16 
 10  12  18  21  24   6  20  25  15   8  16   9  23  22   1   5  19   2   4  11  13  17  14   7   3 
  5   3  15  14   8  17  16  22   9  19   4   6   7  10  24  25   1  20  21  13  11  18   2  12  23 
  7  17   4  25  13  18  11  21   5  10   2  14  15   8  12   9  23  16   6   3  19  20  22   1  24 
  1  22  19  11  23   7   3   4  12   2   5  18  13  25  20  24  17  10  14   8  15   6   9  16  21 
  2   6   9  20  16  24   1  23  14  13  17  19  21  11   3  15  18  12  22   7  10   4   8  25   5 
 15  16  14  13  12   3   8  19  17  18  21   5  24   2  22   1  20  11   9  23   6  25  10   4   7 
  9   7   6  19  18  25  23  24  22  11   8  10   1   3   4   2  13  14   5  12  21  15  16  20  17 
  4  24  23  22  10  20  21  13   1   5  25  16  18  19  17   3   6   7   8  15   2   9  12  11  14 
 25  11   8   2  20  15  10  14   4  16   9  12   6  13   7  22  21  17  19  24  18   5   3  23   1 
 21   1   3   5  17   9   6  12   2   7  23  11  20  14  15  16  25  18  10   4  22  24  13  19   8 
  8   4   7  16  19   1  25  20   3  24  13  17  10  15  11   6  12  23  18  14   5  22  21   9   2 
 17  10   5  15  25  19  22   9   7  23  12   4   3   6  14  21  11   1  13   2  16   8  18  24  20 
 18  23  12   6   9  10   4   2  16  17  24  22   5   1  21  20   3   8  25  19   7  14  11  15  13 
 13   2  11   3  22  12  14  15   8  21  18  23   9  20  25   7  10   5  24  16  17   1   4   6  19 
 14  20   1  24  21  11  18   5  13   6   7   8  19  16   2   4   9  22  15  17  12  23  25   3  10 
