Q [*,*]
:      1     2     3     4     5     6     7     8     9    10    11    12   :=
1      89    93    30    41    35    76    51    82    10    80    63    28
2      68     2     3    57    40    39    64    11    28    98    71    38
3      59     8    63    65    46    52    55    72    78     1    23    98
4      37    21    42    38    43    60    20    25    91    29    80    12
5      49    27    61    83    36    26    56    15    84    90    58    29
6      73    99    97    58    77    74    86    71    19    94    37    45
7      88     6    96    22     9    32    13    12    79    33    34    39
8      18    14    67    50    70     5    69    87    45    47    35    62
9      66    16    54    24    23    92    75    31    17    62    18    78
10     95    44   100    85     4    34    81    48     7    53    32    59
11     38    97     7    68    75    43    87    86    95    18    26    53
12     69    19    25    17    90     3    35    94    40   100    67    74
13     12    22    92    93    57    54    83    65    81    34    73    13
14     16    29    72    28    58     6    70    88    73    84    91    82
15     99    71    26    51    63    36    15    96    48     8    30    11
16     45    67    56     2    79    66    23    76    82    32    62    57
17     53    11    33    44    80    59    61    60     9    20    95    94
18      4    55     5    13    24    98    46    62    21    37    93    17
19     31    39    89    78    50    91    74    10    64    85    61     7
20     27    42    41     1    47    30    14    49    52    77    72     9
21     47    17    22    89    29    77    57     7    38    14    51    93
22     90    87    39    81    84    63    78    91    54    79    27    10
23     32    59    24    19    85   100     4    73    46    28     2    92
24     33    53    18     6    82     1    72    41    62    61    68    90
25     65    45    40    20    25    56    92    80    98    97     9    87
26     51     3    52     5     2    13    50    67    16    69    31    85
27     76    60    36    94    93    68    49    74     8    86    24    99
28     55    96    23    95    30    48    34    27    42    12    75    65
29     44    83    21    15    37    58    66    75    99    64    79    97
30     71    26    70    43    11    10    88    35    31     9     8    83
31     83    89    29   100    61    81    95     1    27    35    14    42
32     46    88    87     8    92    23     6    14     4    16     7    24
33     74    47     9    80    48    62    85    40    12    52    89     6
34     17    77    38    76    54    96    98     5    56     2    94    68
35     20    31    53    60    72    37    90    28    57    82    33    71
36     97    78    69    25    13    44    18    33    67    71    22     2
37     50    10    94    26    41    99    79    21    75    11    81    70
38     64    86    84    36    68    45     7    66    65    39    48     3
39     24    32    55    42    73    51    22    34    15    91    56    86
40     43    30    58    49     3    70    63    93    59    19    54    15
41     52    23    48    79    28    80    39    45    34    67    53    25
42     87    75    83    11    66    65    58    81    96    24    21    40
43      5    13    57    92    89    47     9    61    93    43     4    37
44     30    15     2    33    21    14    59    64    32    49    41     1
45     56    54    19    55    51    97    26    18    77    88    28    20
46    100    46    16    53    99    31    17    38     6    76    60    84
47     86    50    60    98    71    29     3     8    44    36    88    55
48     78    37    82    63    95    12    84    85    35    41    99    58
49      7    91     4    62     1    20    25    22    90    72    83    51
50     10    94    74    27    69    73    42    68    70    40    64     8
51     41     1    47    12    16    19    44    69    85    83    36    61
52     15   100    13    45    76     2    10    57    33    51    19    52
53     82    62    49    61    86    72    65    36    66     5    46    96
54     22     7    80    46    31    21    73    20    11    50    69   100
55     40    58     8    14    97    42    54    32    24     6    98    18
56     93    18    79    29    52    67    89    70    68    55    45    23
57     91    56    17     3    96    25    37    99    63    59    50    21
58     84    95    81    88    39    71    77    90    30    27    43    26
59     92    38    78    35    87    75    43    26    60    48    11    63
60     34     4    28    64    98     9    94    53    74    23    76    77
61     19     5    14    37    67    50    82    97     1    74    38    66
62     61    84    51    32   100    11    80     2    55    58    70    19
63     13    69    20    18    62    15    30    24    89    70    59    34
64     79    72    34    52    53    93    99    98    25    87    29    95
65     63    66    35    90    56    88    48    78    83    10    87    73
66     29    64    85    71     8    95    27    16    22    57    42    56
67     26    81    59    86    42    33    28    54    43    65    25    46
68     39    49    44    77    60    38    12     4    23    96    90    64
69      3     9    68    31    17     7    21    47    36    92     1    60
70     94    41    46    75    91    40    45     6    76    73    84    48
71     77    79    76    30    18    87    38    39    29    93     3    67
72     96    34    62    70    26    61    33    43    50     4    52    47
73      1    82    66    48    64    46    32    63    51    21    16    22
74     58    24    11    10    44    28    97    23    53    95    12    27
75      9    90    98    73    65    55    31     3    92    56    66    76
76     14    40    75    67    27    17   100    59    71    81    96     5
77      2    35    12    69    20    57    41    19    80    25    44    49
78     36    85    88    47    15    89     5    84    72    99    40    81
79      8    74    86    91    83    22    68    37    94     7    65    75
80     42    52    45    54     6    78    16    13    49    60    85    30
81     23    12    99    56    88    64    24    29    14    68    57    89
82     21    36    43    87    78    16     2   100     3    31    82    80
83     60    61    32    97    19    79    62    51     5    54    86    41
84     80    57    37    96    49    85    91    89    47    13    10    88
85     11    76    93    66    34    35    40    30    41    45     6    91
86     48    28    90    84    10    94    67    77    86    46    74    35
87     98    63    65    74    22    82     1    83    58    15    17    50
88     72    33    95     7    81     4    53    55    18    42   100    79
89     75    25     6     9    38     8    52    44    20    17    13    43
90     70    92    73    39    59    27    71    50    69    26    55    44
91     25    51    64    40     7    18    19    42    88    75    20    72
92     85    70    15    23    14    69    60    92    61    78    39    31
93     57    48    91    99    32    86    47     9    13    30    92    16
94     67    73    31    82     5    49     8    58    97     3    47    36
95      6    68    50    16    55    53    36    46     2    89    77    32
96     54    65    71    72    94    83    11    52    26    63    49     4
97     62    43    10     4    74    90    96    56    87    66    78    14
98     81    20     1    59    45    24    29    95    39    44     5    33
99     28    80    77    21    12    84    93    17   100    22    15    54
100    35    98    27    34    33    41    76    79    37    38    97    69

:     13    14    15    16    17    18    19    20    21    22    23    24   :=
1      87    36     6    81     4    55    14    90    73     9    34    47
2      19    89    52     1    25    46    91    95    96    87    10    85
3      69    60    11    92    83     5    17    82    84    16    71    64
4      48     3    15    72    75    99    85    57    83    61    55    53
5      30    22     2    21    50    86    40    43    69    75    46    80
6      27    44    13    10    31    67    20     7    48    50    12    56
7      73    56    97    26    42    93    65    24    66    15    99     3
8      61    51    33    66    96     8    74    54    40    41    98    94
9      64    77    76    70    79    53    41   100    37    36    30    57
10     16    47     9    94    88    84    68    49    11    77    26    70
11     37    33    70    85    56    52    49    88     5    12    17    35
12     99    16    27    86    10    22    48    63    41    82    56    24
13     60    59    69    46    20    64    39    32    15    78    48    28
14     83    55    41     2     1    68    31     8    14    10    47    93
15     14    29    24    44    65    81    76    21    20    68   100     2
16     18    92    77    25    35    36    47     3    33    73    96    21
17     96    15    98    23    34     6    66    84     3    22    74    25
18     78    97    58    89    51    87    38    79    80    91    76    67
19     42    75    40    54    45    43    80     5    95    11    27    63
20    100    90     4    19    12    50    28    71    59    32    58    92
21     95     6    81    52    13    74    61    48    76    96    35    18
22     94    72   100    76    64     3    21    33    71    26    40     5
23     40    98    45    39    16    41    88    42    29    79     8     1
24     34    25    22    36    54    32    69    60    89    17    51    50
25      5    91    96    55    89    59    86    29    49     7    38    27
26     57    63    73    28    53    26    43     1    77    55    64    88
27     82    50    47    17    15    58     7    66    19    31    37    20
28     20    70    80    37    71    35    77    19    46    33    94    16
29     23    12    84    11    46    49    62    38    86    90    72   100
30     67     4    78    18    30    56    44    14    58     2    32    15
31     74    82    30     5    91    19    64    92    90    48    15    11
32     36    80    26    35    40    85    98    11    45    29    83    60
33     50    18    46    88    55    13     1    53    92    56    41    82
34     66    27    29    45    72    83    59    78    34   100    16    46
35     79    32    61    63    69    75    93     4    23    58    19    49
36     65    28    17    47    49    12    87    20    43    81    50    40
37     84    43    57    31    60    76    51    25    65    14    28    71
38     62    21    34    73   100    16    58    41    55    85    89    52
39     90    95    10     8    38    23    52    97     7    39    67     4
40     77    99    67    96    44    37     9    39    13    51    66    76
41     13    66    43    98    24    91   100    89    38    21    70    41
42     44    35    63    29    86    18    70    68    25    60     9    97
43     38    76    71     6    19    82    32    15    53    64    81    22
44     80    11    56    27    57    42     3    73    18    37    13    36
45     92    67    87    14    17    31    45    52     1     5    95    29
46     39    94    79    65    90     9     2    12    27    80     4     7
47     97     5    16    22     7    95    78    26     6    54    23    83
48     54    46    62    75    74    77    10    96    52    42    39    45
49     59    49    93    69    33    48    34    81    50    92    84    79
50     85    23    50    30    47    61    36    72    93    88    20    66
51     71    93    49    57    95    97    99    70    88    74    11     6
52     35    38    92    78    94    27     6    75    63    20    90    39
53     91    53    83    12    85    88    24     2     9    18    92    10
54     17    14     3    15    68     1    42    10    64     8    44    65
55     51     9    60    67    37    33    89    34    17     1    73    59
56     31    41    72    90    87    66    54    65    78    25    61    33
57      7    64    20    80     8    29    55    22    28    43    93    31
58     32    13    86     4    48    40    25    16    70    24    87    38
59     28    58    59    74    81    62     5    47    16    13     2    42
60     56    39    82    84    73    44    79    30    72    89    75    14
61      6    85    31    32    41    11    57    76    68    49    45    69
62     68    40    14     7    36     4    81    93    85    65     3    13
63     22    74    37     9    61    63    92    50    42    27     5    48
64     15    30    54    77    78    45    71    69    22    70    14    61
65      3    65    21    91    43    80    82    62    47    59    86    72
66     75    52    88    53    39    98    26    44    97    67    60    19
67      2    96     5    83    27    94     8    17    79    99    52    30
68     33    79    89    24    67    28    97    13    74    95    78    54
69     55    86    99    49    18    10    72    51    75    44    62    84
70     12    20    23   100    58    47    16    35    10    57    43     9
71     86    34    19    41     2    24     4    91    62    69     6    98
72     10    45    94    48     6    89    90    74    91    23    63    95
73     98    62     7    13    26    60    50    87    99     3    25    77
74     88    37    32    68    92    17    73    55    54    93    22    87
75     21   100    39    99    77    72    83    64    82    46    29    34
76     58    84    53    97    23    57    33    61    26    52    68    78
77     93    54     1    95    82    14    46    36     8    72    79    81
78      8    78    35    38     9    71    11    59    56    53    24    58
79     25    42    28    79    70    51    15    56    31    66    21    12
80     43    31    18    20    29    69    63    80    94    35    33    32
81     72     1    38    87    32     2    27    67    98     4    65    37
82     47    83    66    42    97    92    96    77    81     6     7    75
83     29    26    85    58    59    90    75    28    57    30    77    17
84     24     8    48    61     5    25    30    18    67    63    53    44
85     52    69    36    33    14    20    23    46    61    62    59    26
86      4    71    51     3    63    39    53    37     2    76    80    23
87     76    73    12    62    21    70    84    31   100    40    91    43
88     11    19    65    16    22    78    94    99    32    84    49    68
89     49     7    64    34    93    15    60    45    21    86    36    51
90     81    68    95    40    98    54    56     9    35    97    85    89
91      1    10    74    50    62    96    12    58    24    71    57     8
92     53     2    42    43    76    21    37     6    87    83    88    91
93     26    81    90    51    52    38    29    98    12    94    42    62
94     45    24    25    60    11    79    19    27    51    98    18    90
95     70    61    91    64    84    65    22    23     4    28    97    73
96     89    88     8    82    80    30    67    85    39    38    31    96
97      9    57    75    93    28    73    95    94    30    45    54    55
98     41    17    68    71    99    34    18    86    36    47    69    74
99     46    48    44    56     3     7    35    83    60    34    82    86
100    63    87    55    59    66   100    13    40    44    19     1    99

:     25    26    27    28    29    30    31    32    33    34    35    36   :=
1      95     7    20    79    19    32    64    15    13    61    98    88
2      78    90    92    58    86    45   100    32    31    70    60     7
3       2    29    21    62    74     6    57    53    38    66    89    44
4       5    68    76    89    88    35    67    30    82    50     1    17
5      17    42   100    51    24    13    14    81    94    92    48    78
6      81     8    65    93    14    72    59    41    69    18    47    84
7      18    25    31    54    49    59    19    90    76    83    45     8
8      52    39    63     1     4    44    75    93    43    80    25     6
9      43    91    22    28    60    97    49    58     4     2    40    20
10     82    23    33    67    38    27    10    74    24    54    51    21
11     60    13    34    46    66    98    93    31     9    39    28    10
12     45     4    88    23    50    53    30    37    32    97    85    51
13      6     1    36    94    70    52    79    50    95    33    74    82
14     85    62    43    81    18    79    65    35    71    76     3    61
15     54    31     7    90    37    87    88    40     6    17    67    49
16     86    89    16    40    29     9    20    13    26    22     5    55
17     19    26    77    65    30    83    62    73    58    38    12    70
18     69    49    42    61    72    71    25    96    84    94    54   100
19     55    97    44    84     8    51    83    21    52    72    77    36
20     39    99    38    57    64    75     2    48    78    89    91    23
21     41    84    99    39    25     3    63    24    21     8    19    54
22     57    92    56    30    23    65    50    97    61    44    18    32
23     22    95    87    69    54    68    15    23    53     9    55    31
24     42    75     9    66    47    43    70    56    49    84    26     5
25     62    78    83    10    13    24     4    95    12    79    52    77
26     48    11    98    44    61    74    86    22    46    37    42    96
27     14    21    73    12    85    67    78    62    16    28    33    35
28     97    59    60    53    93    36    43    69    29    85     7    99
29     91     6    80     4    28    70     1    25    57    73    81    59
30     34    81    52    45    63    82    36    89    64    87    93    39
31     79    44    75    96    99    26    17    98    77    32    49    60
32     25    54    12    33    84    61    55   100    48    47    21    22
33     10     3    95    97    91     2    42    63    44    43    86     4
34     35    18    74    37    73    64    13    99    14    91    61    75
35     88    30    24    70    87    47    29     3    74    16    96    94
36     68    57     8    36    27    31    34     1    93    15    73    53
37     98    93    78    72    17    80     6    38    97     7    87    68
38     77    38    32    59     6     5    33     2    90    26    20     9
39     53    63    62     9     1    21    84    64    85    35    50    81
40     20    69    86    42    22    94    95    11    36    57    31    12
41     90    86    19    74    76    14    44     6    88    20     8    56
42     15    17    26    16    94    46    22    82    99    59    34    74
43     49    98    69    56    31    28    48    72    73    52    36    46
44     47    43    10    34    48    55    16    86     7     5    97    69
45     63    71    61    85    62    99    66     4     2    68    65    15
46     96    77    57     8    40    89    87    91    55    62    70    19
47     24    32    82    75    59    58    31    92    33    96    27    43
48     33    51    72    68    44   100     9    80    17    14    24     1
49     65    73    11    78     3    30    32    71    98    60    64    18
50     87    67     2    35    12    91    45    28    39    58    37    11
51     76    45    91    82    32    54    72    84    86    42    94    98
52     80    96    47    49    26    62    68    83     1    11    59    64
53     50    35    27    77    81    37    23    47    63    40    14    95
54     83    36    48    99    97     4    61    75    66    12    58    45
55     84    94    66    95    68    12    92    26    30    48    29    87
56     71    56    53     3     5     7    69    46    91    51    35    62
57     40    19    30    60    98    15    81    16    89    41    90    67
58     67    22    23   100    57    34    56    55    15    19    82    93
59     29    52    79    55    69    86    18    85    27     6    80    97
60     21    58    51    41    46    85    37    49    65    31    78    71
61     64    46    93    98   100    17     3    60    18    86    92    29
62     12    53     1    24    21    76    28    77    83    71    75    34
63      7    28     6    71    96    39    94    45    79    56    66    25
64     26    82    50    83    35    66     7    67    96    74    84    73
65     36    41    37    38     2    20    76    52    23     1    69    85
66     51    87    81    73    92    33    58    14    41     4    10    30
67      4    34    18    91    11    88    89    68    50    49    32    63
68     16    40    58    32    15    56     8    19    47    65     9    57
69     94    80    90    25    89    23    82    39    40    24   100    27
70     31    55    29    63    77     8    21    61    54    13    44    72
71     75    16    59    17    55    60    80     8     5    95    53    89
72     37   100    14    92    71    57    40    36    60    82    11     2
73     38    85    28    19    41    90    54    79    42    75     6    76
74     70    20    84     7    65    42    41    51    56    67    39    86
75      1     5    67    88    51    49    91    59    20    81    71    24
76     73    15    89     2     9    18    35    12    25    21    38    83
77     61    74    45    86    39    50    98    10    34    99    88    66
78     44    64    97    76    43    48    73    94    28    45    22    90
79     30    47    13    80    10    40    27    17    92   100    46     3
80     11    83     4    27    36    96    47    65    68    77    62    48
81      9    50    96    11    90    78    71    18     3    36    83    13
82     72    70    71    22    34    73    90    29    45    98    63    26
83     27    12    64    48    42    69    11    34     8    93    68    65
84     99    79    54    14    83    41    74    27    75    46    72    40
85      8    10    15    18    95    38    77    70    80    53    99    42
86     58    24     5    87    56    25    52    78    19    30    43    16
87     28    60    55    13    52    29    85    33    37    64    23    38
88     74    88    39    31    45    93     5    57    62    25     2    58
89     92    33    46    47    82    19    12    76    81    88    95    41
90      3    66    94    20    16     1    24    87    51    10    79    91
91     46    14    70    15    33    92    97    54    11    69    76    79
92     66    27    25    52    80    11    51     7    72    90    17    50
93     23    65    35    50    79    95    60    43    22    55    56    37
94     32    37    17     6    75    22    96    44    70    29    15    92
95     93    48     3    29     7    63    99    88    35    34    41    33
96    100    76    41    43    20    84    53    42    59    78    16    47
97     59    61    85    21    67    81    39     5   100    63    13    52
98     89    72    40    26    78    77    38    66    87    27     4    28
99     13     9    68     5    53    16    26    20    10    23    57    14
100    56     2    49    64    58    10    46     9    67     3    30    80

:     37    38    39    40    41    42    43    44    45    46    47    48   :=
1      11    99    42    23    67    17    97    84    22    70    27    33
2      72    73    79    77    50    66    88    24    26    35    14    18
3      27    28    12    22    95    99    80    31    32    48    15    45
4      71    52    86    33     9    36    54    74    81    10    56    28
5      63    96    95    87    77    73    44    47     5    23    55    41
6      39    85     3    55    34    43    40    63    96    91    52    75
7      62    37    68    91    82    38    89    87    60    11     2    72
8      46    29    16     9    78    49    85    58    37    65     3    30
9      35    34     5    26    68    86    71    21    59    98     8    19
10     36    56    97    65    69    20    90     1    62    64    93    79
11     99    16    29    57    79    41    94    15    42    55    19    14
12     47    42    81    98     1    70     5    61    39     8    91     2
13     56    68    75    11    97    53    66    26    44    24    96   100
14     92    19    59     7    90    45    13    30    67    38    23    54
15     80    41    45    64    83     4    69    12    92    32    25     9
16     53    46    43     4    59    75    74    64    68    34    87    37
17     90    63    24    69    18    48    46    72    29    49    89    21
18      1    44    66    27    33    56    10    40    11    36    43    50
19     14    60    87    34    76    88    57    86    82    62    99     3
20      8    18    15    86    98    80     7    60    20    51    31    16
21     98    11    72    68    23    87    67     2    15    53    62    10
22     34    20    14     2    22    25    52    80    43    75    60    85
23     66    80    17    67    94    90     3    89    50    18    82     7
24     88    13    40   100    73    93    98     8    38    19    83    97
25     41    82    30    71    63    34    26    16    70    81    66    17
26      6    75    91    94    45    79    36    14    78    47    39    29
27      3    83    27    90    88    84     4    13    61    96   100    65
28     58    47    10    45    64     1    21    44    86     5    41    32
29     60    48    65    92    71    35    76    55    51    56    54    42
30     74    38    51    76    28    46    92    20    27    95    33     6
31     54    10    71    41    40    24    78    33    93    22    36    67
32      5    27    89    39    38    32     9    91    64    52    18    13
33     37    23    58    72    16    77    29    79    66    71    68    39
34     52     8    92    62    65    21    30    53    90    89    81    95
35     45    76    25    40    86    50    51    11    97    46    92    59
36     24    59    82    46    14     7    84    94    85     6    58    99
37     30    88    18    66    12   100    96    62    49     2    20    23
38     51    69    67    19    35    61    31    28    10    57    63    87
39     83    65    70    80    26    54    82    17    41     3    69    47
40     28    79    78    56    48    72    27    45    83    74     4    34
41     95     3    77    10    42    15    47    37    94    68    97    82
42     85    93    76    30    62    78    79    43     1    13    51    49
43     12    84    54    63    39    60    18    99     7    20    35    91
44     61    51    50    83     4    31    24    23    12    44    75    98
45    100    49    35    13    93    58    16    41     6    72    64     8
46     23    67    41    42    92    29    33    56    25    21    11    71
47     40    57    21    25    61    52    81    48    73    66    77    74
48     79    94    38    89    30     2    65    88    76    59    22    40
49     29    53    47    75    27    28    70    85    57    45    17    38
50     81    26    90    78    46    83    95   100    19    84    32    96
51     25    17    52    21     8    92    73    22   100     9    53    20
52     73     9    28     8     7     5    61    70    95     4    86    81
53     33    32    99    60    43    68    55    78    71    94     6    84
54     13     2    34    53    29    40    77    38    56    79    67    89
55     43    39    57    79     3    10    64    90    69    99    85    46
56     10    50   100    88    24    37    58    59    34    97    26    80
57     76     5     4    38    13    14    48    42    18    88    12    27
58     44    74    96     3    52    11    28    36    75    33    50    76
59     20    77    22    54    31    65    72    32    17    83    44    15
60     70    36     7    24    47    57     2    93    63    60     1    25
61     78    43    20    70    25    23    42    75     2    61    71    77
62     42    90    37    17    89    22    15    82    47    29    94    73
63     87    81    80    35    44    95    99     4    53    93    84    88
64     64    62    88    59    91    81   100    49    16    76    57    58
65     55    95    53    99    74    67    50    39    24    27    98    11
66     31     6    11     5    17    62    86    83    35    69    45    70
67     38    98    36    97    72    12    14    10    55    87     9    51
68     91    22    48    51    37    85    34    46    31    92    21    63
69     15    12    46    16    96     6    59    19    30    54    79    64
70      2    33    26    93    80    97     1     5    36    28     7    60
71     49     7    63    43    84     9    32    65    54    85    10    44
72     97    87    69    85    49    30    39    68    46    41    76    35
73     96    30    23    74    56    71    83    95    52    67    78    94
74      4    78    33    29   100    47    45    77    89    25    90    66
75     50    70    44    15    58     8    93    18    13    80    61    36
76     16     1    19    37    60    74    22    34    48    31    72    86
77     26    64    31    18    15    51    37    73    23    40    28    43
78     32    61    13    52    75    63    62    69    21    14    42    57
79     57    55     9    58    20    19     6    97    87    16     5     1
80     84    72    93    14    55    98    53     3    91    12    38    26
81     48    92    39    49    54    76    25    35    28    42    16    61
82     86    35    55    20    41    69    11    51    58    30    24    68
83     22    15     1    50    21    96    38     7    72    78    40    52
84      9   100    84    31    81    55    23     6    33    73    95    22
85      7    54    56    28    85    94    19    50     4    43    74    12
86     21    89    73    44    99    18     8     9    88    26    49    92
87     67    97    94    96    66    59    87    27     3    86    46    56
88     69    66    60    47    70    82    17    67    98    63    80    90
89     59     4    32    61    10    39    91    29    79    77    48     5
90     17    14     6    82    53    13    60    57    84    37    65    62
91     77    31    49    32     6    16    43    52     9   100    34    93
92     75    86    74     1     5    44    35    98    45    58    30    24
93     68    24     2    36    87    27    49    25    40    15    70    78
94     89    21    83    12    57    64    41    71    77    50    88    55
95     94    40    98    95    51    26    12    54    80    17    37    69
96     19    45    64    73     2    33    68    66    74     1    29    48
97     82    71     8    48    19     3    20    92    65     7    47    53
98     93    91    61     6    11    42    56    96     8    82    13    31
99     65    58    62    81    32    91    63    76    99    90    59     4
100    18    25    85    84    36    89    75    81    14    39    73    83

:     49    50    51    52    53    54    55    56    57    58    59    60   :=
1      16    94    49    92    86    40    96    60    58    24    18    57
2       4    61    41    27    37    59     9    33    53    44    42    62
3       7    42    56    30    75    77    68    14    10     4    43    35
4      39     6   100    51    19     2    13    45    65    93    31     8
5      57    53    67    85    74    34    88    72    54    97    99    98
6     100    51    78    82     6    87    79    11    76    32    36    38
7      46    29     7    23    16    95    64    21    55    94    70    20
8      13    76    73    90    91    28    83    26    81    89    22    48
9      25    12    46    50     1    69     3    29    39    47    61    84
10     83    92    52    17    66    12    71    15    25     5    80    63
11     73    77    44    76    69    30    23    67    64    80     8    83
12      6    71     9    87    58    11    52    93    43    62    46    31
13     27    58    45    14    84    51     2    71     3    10    29    77
14     22    52    20    12    15    48    78    75    33    37    74    34
15     78    95    16     1    47    91    89    42    61    38    35    79
16     63    28    98    41    60     7    72    17    95    81     6    65
17     35    85    27    40    39    55    36   100    97    50     4    99
18     81    65    86    59    73    32    82    88    28    85    57    19
19     93    47    53    49    94    90    70    24    92    56    68    18
20     17    84    96    22    25    13    54    66    26    63    21     5
21     49    30    26    31    33    71    80    73    42    20    75    44
22     37    99    58    16    48    86    55    49     1    74    96    70
23     58    11    84    83    14    78    38    91    62    43     5    64
24     12    48     3    29    76    85    87    46    67    28    81    24
25     31    57    21    39    11   100    35    53    93    54    50     2
26     40     9    10    34    99    82    97    95    12    30    32    60
27     72    59    77    89    79    18    45    23     9     6    98    51
28     91    74     4    56    72    68    92    57    13     8    15    40
29     24    69    36    61    63    19    47     7    52    88    17    27
30     77    68    94    25    59    66    90    65    37    22    69    41
31     70    37    59    86    38    16    39    63    57     7    51    87
32     19    15    34    28    53    74    10     1    79    72    73    69
33     76     8    25    60   100    17    14    84    21    90    26    30
34     80    88    15    20    31     9    67    44    36    70    48    97
35     44    73    42     6     5    81    43    18    68    65    56    22
36     55    75    91    32    88     4    41    19    45    98    37    66
37     42     5    47    95    40     3    85    64    77    35    27    54
38     60    56    83     8    78    80    24    82    50    11    49    76
39     43    25    75    96    93    58    12    13    99    61    94    46
40     98     1     2    62    55    92    33    52    29    71    23    89
41      5    55    85    65     9    35    40    87    83    51    11    17
42     10    50    54    73    32    57    56    31    19    64    28    37
43      3    90     1    97     8    42    25    79    75    41    95    29
44     67    89    63    84    70    39   100    99    60    96    53    92
45     36    80    89    94    27    23    91    59    74    12    24    82
46     69    26    30    66    81    50    34    86    22    78    14    72
47     34    87    90    69    10    93    18    76    20    45     2    49
48     53    86    61    48    71    98     7    36    15    67     3    47
49      9    54    43    88    26    21    58    68     6    46    77    16
50     14    63    33    13    52     5     4    62    44    55    38    80
51     87    23    55     5    65    67    75    48    51    14    34     3
52     30    16    29    93    43    99    37    56    46    17    88    58
53     51    39    57    45    22    38    76    98    73    59    13     7
54     62    96    60    63    18    27    86    92    16    84    41    52
55     82    35    70    91    44    20    74    96    49    21    25    71
56     74    19    82    77    28    15    32    81     2    36    39    85
57     54    45    24    72    87    26    53    47    11    33    83     1
58     21    49    12    79    97     8    31    78    80     9    64    10
59     41    98    95     4    68    94    30    89    66    23    90    61
60     66    91    50    35    62    54    69     6   100    40    19    42
61     52    13    39     7    21    22    84     8    90    16    72    56
62     56    20    88    67    64    46    98    30    86    48    79    26
63      8    41    19    33    36    97    57    10    40    82    85    73
64     18    43    80    44     2     1    11    94    63    60    20    32
65     26    32     5     9    42    75    49    54    71    18    58    68
66     90    78    23    38    61    37    28    12    96    13    47    55
67     48    40    31    24    41     6    93    77    69    92    62    78
68     68    66    35    70    50    76    27     3    87    29   100    59
69     38    33    65    52    83    14    95    43     4    34    45    91
70     65     3    74    15    89    25    99    51    17    53    66    81
71     92    82    99    74    90    70    21    83    14    31    12    36
72     99    27    18    78    77    24     8    55     7    19    93    53
73     33    70    69    80    57    43    61    97    91    39    59    45
74     50    64    48    75    35    72     6    85     5    15    76    94
75     96    17    22    47    54    10    16     4    23    27    40    28
76     88    79    92    42    13    44    63    20    30    66    87    11
77     11    24    38    71     3    29    17    58    56   100    84    96
78      2     7    37    68    51    49    26    50    98    95    65    33
79     29     4    32    81    82    52    62    41    89    73    60    88
80     59    81    79     2    46    64     1     9    34    25    86    67
81     45   100    51    21     7    47    22    40    41    26    55    74
82      1    44    14    64    17    62    60    25    88    49     9    15
83     20    31    66    43    56    83    81     2    24    76    33   100
84     64    93    71    19    20    65    94    28    35    87    92     4
85     32    97    13    98    96    73    29    39    72     3    67    86
86     15    36     6    54    12    79    50    27    82    57    91    95
87     75    34    68    53    80    89    48    32    18    99    44    90
88     71    14    97    10    30    61    59    37    38    77     1    75
89     89    83    11    58    85    84    42    16    70    69    78    23
90     47     2     8    36    34    45    46     5    31    52    63    93
91     86    60    87    55    95    41    44    38    85     2    89    13
92     97    67    28   100    29    36    65    22    94    79    16    12
93     28    21    72    46    67    31    66    61    84    83    82    14
94     95    72    81    99     4    63    20    80    59    68    10     9
95     85    18    62    11    45    60     5    74    78    42    71    39
96     61    10    17     3    92    56    77    34    27    75     7     6
97     84    46    76    26    49    33    15    70    32    91    97    25
98     79    22    64    37    23    88    73    35    48    58    54    50
99     94    38    40    18    98    96    19    69    47     1    30    43
100    23    62    93    57    24    53    51    90     8    86    52    21

:     61    62    63    64    65    66    67    68    69    70    71    72   :=
1      91     5    39    26    25    29    54    53     1    69    62    74
2      63    12    34    67    55    20    65    80    82     6    75    69
3      73    93    13    90    86    96    37    51    79    76    36    97
4      62    32    84    77    94    44    78    11    92    24    96    18
5      71    18    31    45    59    68    16     3    33    70     1    76
6      49    46    22    83    66    98    60    61    23    88    54    25
7      74    40    27    10    35     4    75    47    30    43    98    48
8      56    72     2    17    95   100    36    21    97    64    68    10
9      38    15    48    52    81    89     7    42    85     9    65    56
10     28    57     8    99    58    50    19    87    14    41    60    42
11     58    22    47     1    48    81    61    32    45    11     4    51
12     44    95    59    76    84    57    96    34    77    73    55    12
13     25    38    90    40    23    62    67     4    72    30    31    61
14      5    69    21     9    89    51    53    66    63    50    56    32
15     13    82    86     3    27    56    85    75    10    46    73    60
16     12    42    49    97    52    78    80    91    19    94    27    58
17     64     8    87     2    37    54    17    16    41    14     7    88
18     99    20    18    60    26    92    31     7    39    83    15    29
19     79    35    29    15    98    33    28    71    65   100    25     9
20      6    36    93    43    70    24    74    55    88    68    79    85
21     32     1    88    12    56    64    46    69     9    34    58    70
22      4    45    15    29    36    82    13    35    67    51    47    19
23     76    44    81     6    33    27    70    52    61    37    35    75
24      7    65    23    78    16    86    92    59    94    58    91    63
25      3    28    99    48    43    84    68    85    47    42    76    64
26     20    66    19    24    90    72    21    89    17    71    41    59
27     11    10    26    38    22    95    39    57    87    25     5    71
28     31   100    62    14    18    63    79    83    73    54    66    50
29      8    77    74    30    41    93     2    96    53    98    16    22
30     80    49    91     5    40    55    97    50    75    60    99    24
31     43    56    68    65    80    94    18    73    31    20    97    21
32      2    58    57    75    50     3    71    17    51    82    81    86
33     22    24    69    93    11    49     5    67    36    78    20    31
34     10     7    41    33    19    39    42    63    40    86    22    84
35     85    83    52    95    13    99    26   100    55    15    14    91
36     70    62    92    54    96    30    64    77    38    89    26    39
37     29     9    37    32     4    48    90    45    34    16    82    89
38     23    79    12    88    53     1    72    44    81    97    29    94
39     60    98    14    27    74    76     6    28    59    66    33    49
40     47    61    25    35    91     8    87    46    84    21    88    73
41     36     2    60    81     1    71    59    30    49    27    72     4
42     45    91    33    98    47     7    88    90     5    48    71    77
43     17    26    58    80    10    74   100    24    68    62    78    40
44     94    52    78    28    85    65    95    82    93    40    46    90
45      9    96    38    34    83    69    84    39    42    22    43    30
46     97    37    20    44    61    43    32    64    15    75    45    28
47     67    51    11    53    72    12    56    41    46     4    94    62
48     21    73     6    92    29    66    50    70    25    23    87     8
49     35    55    76     8    14    87    63    19    86    13    37    23
50     16    54    79    57     3    18    77    31    89    99    49     7
51     96    43     7    37    31    38    10    79    66    59    77    35
52     98    48    44    41    42    91    40    97    18    87    89    14
53     15    67    89    74    69    28    11    56    90     1    21    54
54     81    76    72    71    30    85    25    78    24    47    59    26
55     19    80    55    61    77    45    62    36     4    52    53    83
56     75     6    17    63    73    22    83     8    13    95    64    20
57     82    39    94    46    57    34    23    49   100     2    70    44
58     92    53    35    68    60     5    58    14    54    65    17    99
59     93    21    50    84     9    70    51    33    64     3    39   100
60     86    99    32    20    88    26    12    27    16    29    67    95
61     34    81     4    58    79    80    91    65    99    96    30    53
62     57    59     5    16    63    25    35    92    69    10     6    66
63     90    75    54    64    32    14    52    68    60    12     2    78
64     46    86    51    21    28    37    55    23    27    31    85     5
65     61    30   100    70    97     6    89    13     8    33    44    92
66     40    94    24    66     7     9     3    15    74    72    80    36
67      1    19    73    22    76    47    45    20    44    53    13    37
68     88    41    42    82    17    36    43    18    26    84    61    81
69     78    71    56    11    93     2    98    29    48    77    74    87
70     95    87    85    39    67    83    38    62    50    49    52    34
71     33    68    28    13    51    58     1    81    52    57   100    15
72     72    84    80    25    20    31    86     9     3     5    51    38
73     14    92    40    49     2    10    73    37    29     8    93    68
74     83    34    16    19    21    59    99    38    71    91    18    52
75     48    63    97    89    75    42    94    12    35    79    84     2
76     41    50    77    55    82    32     4    43    62    45    95     3
77     87    85    70    47    65    53    30    60    78     7     9     6
78     54    17    96   100    46    67    27    93     6    18    83    79
79     69    64    98    23    44    90    24    26    11    36    50    45
80     39    88    66    56    15    61    22    76    95    74    23    82
81     59    70    10    86     8    75    15    94    91    80    63    93
82     52    23    95    85    99    19    76     5    32    67    40    57
83     84     3    46    73    45    35    14    25    98    63    92    67
84     26    16     1    69    34    17    82    58    12    38    11    98
85     65    47    64    87   100    21    81     2    83    55    48    27
86     42    97    61    31    62    60    33    22     7    93    32    13
87     77     4    71    79    92    11     9    88    57    39     8    16
88     89    27    36    51    24    13    48     6    20    44    86    46
89     53    74    30    50    68    40    66    54    37    56    90    96
90     18    78    43    96    49    41    29    72    28    90    12    33
91     30    29    63    94    78    23    47    99    22    26     3    65
92     68    33     3    62    71    77    49    10    56    19    38    41
93    100    89    75    59    39    97    41    74    96    17    34    11
94     66    14    53    91    38    52    93    84    76    85    69    43
95     24    13    82    72    87    15    44    86    58    81    10     1
96     37    90     9    18     5    46    69    40    21    28    57    55
97     27    60    83    36    64    79    34     1    80    35    42    17
98     55    25    67     7    12    16    57    98     2    32    19    80
99     51    31    45    42     6    73     8    95    70    92    24    72
100    50    11    65     4    54    88    20    48    43    61    28    47

:     73    74    75    76    77    78    79    80    81    82    83    84   :=
1      50     3    46    78    38    45    12    71     8    75    44    21
2      16    22    29    47     8     5    51    83    84    99    43    49
3      85    49    58    81   100    33    61    20     9    88    94    24
4      73    34    23    79    41     7    59    64    16    40    46    26
5       9    52    37    66    91     4    82    28    62    65    60    10
6      21     2    95    90    26    53    70    35    42    80    33     1
7      84    67    77    63    14    17    44    57    58    36     5    81
8      27    99    92    11    19    24    15    31    86    55    59    71
9      32     6    80    13    93    87    94    88    14    90    11    63
10     30    40    86    89    39    55    72    43    35     3    96    61
11     65    84    82    74    20   100    36    91    89    78    72    96
12     66    78    38    72    33    49    80    92    79    68    64    13
13     89    87    99    37    16    21     8     5    85    41     7    43
14     46    98    94    42    77    40    17    96   100    27    26    57
15     53    23    97    28    18    70    39    19    66    34    77    55
16     10    24    30    50    11    90    54    93    69    38    51    15
17     71    86    76    57    52    47    43    81    32    82    42    67
18     64    95     6     2    68    14    75    63     3     9    48    74
19     41    48     1    69    22    13    26    59     2    16    37    17
20     44    45    83    35    34    62     3    67    97    94    61    11
21     28    79    90    43    27    82    86    55    40    60   100    83
22     68    73    98    62    31    46    42    89    88    24    66    12
23     93    96    74    65    60    97    57    36    71    51    99    86
24     11    39     2    20    21    37    45    77    95     4    30    79
25     33    61    15    51    44    67    18     8    75    72    69    94
26      7    92    56    23    25    83     4    54    70    15    38    87
27     52    32    34    53    40    69    30    80    81    48    56     2
28     49    17     9     6    81    26    88    38    39    52    89    78
29     14    13    10    94     3    78    87    95    20    85    29    50
30    100    29    84    12    72    85    48     1    19    61    54    23
31     23     9    53    46    13    28    76    66    25    58    52    85
32     77    93    42    68    30    65    78    70    67    43    62    31
33     51    54    45    96    32    61    34    15    87    35    57    59
34     47    58    12    85    79    43    69     3    26     6    93    82
35     80    38    62     8    35    36    64    41    12    98    27    54
36     95    83    11     5    56    74   100    90    80    10    76    51
37     55     1    63    52    92    59    67    24    83    86    19    73
38     40    25    27     4    37    98    99    17    74    92    18    22
39     57    71    48    19    87    72     2    44    77    89    79    45
40     18    75    60    10    50    16     7     6    65     5    97    68
41     75    64    61    16    84    31    92    99    93    26    32    18
42     67    20    89    95    69    12     6    39    53    42    84    27
43     34    44    96    33    70     2    11    14    30    66    87    77
44     26    88    68    76    66    29    38    58     6    19    22     9
45     48    50    21    60    47    73    81    79    33    70    98     7
46      1    10    54     3    74    18    93    13    51    73    36    47
47     35    63    85    15    17     9    65    42     1    79    39    80
48     91    19    55    97    83    57    27    32     4    49    81    56
49     36    80     5   100    24    41    56    52    96    74    12    40
50     25    82    59    22    53    86    98    51    43    29    24    65
51     90    18    13    80    15    81    24    46    28    56    63    58
52     69    66    31    32    71    79    23    82    21    54    55    25
53     87     8    16    30    97    34    25    29    48    17    80    64
54     37     5    57    98    51    93    55    49    23    39    35    32
55     38     7    75    86    28    50    41    47    76    93    78    72
56     12    43    40     9     4    27    60    84    57    11    49    14
57     78    65    52    73    85    58    74    68    61    77    10    92
58     63    42    72    91     2     6    62    94    46    59     1    41
59     19    76    36     1    45    88    96    56    73    53    34    37
60     61    33    22    92    48     3    10    11    18    83    90    97
61     15    28    51    55     9    48    89    33    63    44    88    35
62     31    41    18    27    54    96    91    62    99    23    95    52
63     72    46    49    26    23    38    83    86    31   100    16     3
64      8    47    24    75    42    39    40    65    17    33    68    36
65     60    94    19    17    64    77    29    12     7    45     4    93
66     82   100    43    93    63     1    21    76    34    32    91    20
67      3    16    67    58    95    71    84     7    90    64    75    39
68     45    11    25    14    73    99    20    10    98    71     2    69
69     88    35    50    70    57    22    32    97    13    67    73     8
70     56    69     4    59    90    68    79    98    37    96    14    70
71     97    72    26    25    46    42    47    73    50    20    45    88
72     59    21    17    44    98    56    16    22    64    28    15    75
73      5    12    35    88    65    11    58    27    44    18    31    53
74     81    30     8    61    96    60     1    40    36    57    82    46
75     62    57    78     7    86    32    14    87    52    25     6    33
76     94    85    64    49    36    54    28    69    29    47     8    91
77     13    55    91    77    67    92    33     4    22    76    83    90
78     29    70    20    31    80    19    66    74    92    87    86    60
79     43    53    39    48    99    76    63    34    78    14    85    95
80     24    37    41    71    10    89    90    75     5    21    40   100
81     17    60    81    84    43    20    52    85    82    46    53    19
82     79    56    28    39    61    10    50    37    94    84    65    48
83     99     4    47    82     6    80    53     9    10    91    13    44
84     42    15     3    36    62    66    77    45    60     2    70    76
85     22    89    71    24    58    44     5    78    68    37    17    16
86     70    59    14    34     1    64    68    72    38    69    20    66
87     54    51    69    41     7    95    49    26    47    30    25    42
88     83    91    73    87    29    23    35    21    41    50    28    34
89      2    97    65    18    55    94    31   100    24    62    71    98
90     76    74    88    38    75    25    19    30    11    22    67     4
91     98    27    66    83    82    91    73    61    56    81    21     5
92      4    81    32    40    59    84    13    48    55     8     9    99
93     20    77    93    54    88    63    85    53    45     1    58     6
94     74    26    33    56    94    30    46     2    54     7    23    28
95     96    90   100    67    49     8     9    25    59    31    47    30
96     86    14    87    99    12    35    95    23    15    13    50    62
97     58    31    44    29    89    51    22    18    72    12    41    38
98     92    62    70    21    76    52    97    60    49    63     3    84
99     39    36    79    64    78    75    37    50    27    97    74    89
100     6    68     7    45     5    15    71    16    91    95    92    29

:     85    86    87    88    89    90    91    92    93    94    95    96   :=
1     100    66    48    56    37    52    31    68    85    43    65     2
2      13    74    23    17    30    76    21    48    93    56    97    94
3      39    25    87    19    41    54    18    47    40    67     3    70
4      98    70    22    47    27    97    69    63    66    14    95    90
5       7    12    20     6    32    93    79    39    19    64    25     8
6      92    89    15    68     4    64    28    24    30    57    16    17
7      28    69    51    50    78    85    52   100    86    61    80    92
8      57    77    79    53    38    34    23    60    32     7    84    82
9      82    83    95    67    45    72    73    44    99    10    33    55
10     18    73    29    91     2    31    76    22     6    13    37    45
11     54    40    50    25    63    21    92    62    24     3    71    27
12     75    14    18    60    28    36    83    21    15    65    54    26
13     19    47    91    88    76    86    35    55    42    80    49    63
14     80    39    44    24    49    87     4    99    25    86    60    64
15     62    52    98    59    22    58    93     5    74    33    94    50
16     70     8    71    99    84    83   100    14    48     1    61    88
17      1    93     5    31    92    10    68    56    13    28    91    78
18     30    53    90    23    35    45    77    34    12    16    47    41
19      4    20    12    73    46     6    30    38    81    66    58    32
20     65    56    81    29    95    33    10    53    73    46    40    76
21      5    97    59    16    65    91    45    66    94    50     4    37
22     17    28     6     7    11     8    41    83    69    77    59    95
23     77    26    47    63    10    25    49    20    56    72    13    12
24     64    96    57    14    31    44    74    27    55    52    99    15
25     46    22    36    74    58    37    32     6    88    60    23     1
26     35    49    93    27    80    18    33    65    62   100    81    84
27     43    42    55    92     1    41    29    54    97    70    64    75
28     76    67    84    98    90    82    11    87     3     2    28    24
29     45    68    32    33    34     9     5    67    39    89    31    43
30     21    13    53    62     3    73    17    16    57    42     7    98
31     84     4    88    34    47    69    55    45    50    62     6    72
32     49    63    37    96    99    94    20    76    44    59    56    97
33     38    75     7    28    70    81    27    94    64    83    98    33
34     24    32    60    55    50     1    57    51    11    23    87    25
35     78     2    66    39    21    48    84     9    10    17    34     7
36     23     3    42     9    72    16    61    35    63    48    52    86
37     44    61    46     8    33    56    22    74    36    39    15    58
38     95    91    30    13    71    15    43    75    14    93    70    42
39     29   100    11    40    36    20    16    92    78    37     5    18
40     53    64    41    90    17    14    24    85    26    38    32    80
41     69    46    54    58    62    63    50     7    22    73    57    96
42      3    23     2    38    52    92    36    80    41     8    14    61
43     94    55    86    21    59    50    88    23    51    27    45    85
44     91    72     8    45    20    71    87    79    54    74    62    81
45     25    78    75    11    44    57     3    86    90    40    10    46
46     88    35    68    85    83    95    59    58     5    82    24    49
47     89    37    14    64    13   100    38    19    47    91    30    28
48     60    90    34     5    16    28    13    31    18    20    26    69
49     61    31    99    10    82    67    95     2    89    15    66    44
50     97    41    76    15    48    17     1    71    75     6    92    34
51     50    29    33     4    68     2    26    30    60    78    89    40
52     74    36     3    12    60    84    72    77    65    85    53    22
53     52    44    31    26    42    75    19    41   100    58    79    20
54      6    19     9    87    88    70    90    91    82    54    43    74
55     16    27   100    22     5    65    15    11    31    88     2    23
56     47    94    96    30    86    99    42    98    38    92    44    21
57     51    95    69    66    79    62     9    32    84    97    35    36
58     20    45    85    89     7    98    37    29    61    18    51    47
59     67    82    24    71    91    40    99    46     8    25    12    10
60      8    38    13    81    15    43    96    17    87     5    68    59
61     59    10    83    94    26    24    12    95    27    47    73    87
62      9    87    49    78    74    60    97     8    45    44    38    39
63     58    43    77    65    29    47    98     1    21    76    11    67
64     12    92    56    41    97    38    89     4     9    90    19     6
65     22    84    40    79    57    51    34    28    46    31    96    14
66     48    50    25    46    54    89     2    59    68    49    77    79
67     15    21    82    80    85    66    60    57    70    29   100    35
68     55    62    72     1     6    30     7    52    80    53    93     5
69     81     5    28    76    61    53    63    42    58    26    85    66
70     27    11    19    86    18    42    78    88    71    24    22    30
71     96    71    35    48    66    23    64    40    37    94    27    11
72     42    54     1    32    81    13    58    12    83    79    67    29
73     72    24    89    84     9    55    86    81     4    36    17   100
74      2    98    62    49    69    79    80    13    43     9    63     3
75     26    30    74    37    43    11    53    69    95    19    41    68
76     10    99    65    70    56    80    51    90     7    98    46    93
77     68    16    63    97    94    27    75    89    52    32    21    48
78     41    34     4     3    12    39    82    25    16    55     1    91
79     93    59    38    61    67    77    71    72    96    84    18    54
80     73    17    58    51    19     7    44    70    28    87     8    99
81     31    79    97    77    73     5    66    33    34    30    69    62
82     33    18    27    54     8    12    46    93    91     4    74    53
83     36    88    39    95    89    74    94    49    23    71    55    16
84     86     7    21    52    51    59    39    50    29    68    78    56
85     90     9    92    57    75    49    25    82    79    63    88    51
86     85    81    45    83    55    29    40    96    17    11    75    65
87     14     6    78    72    93    61    81    36    35    45    20    19
88     56    15    26    43    40    96    54    64    76    12     9    52
89     63     1    80    35    87     3    14    73    67    22    72    57
90     99    58    64   100    23    32    48    15    77    21    86    83
91     37    48    17    36    53    90    67    84    59    35    39     4
92     34    57    73    93    96    26    47    18    20    95    82    89
93     71    80    10    18    64     4     8     3    33    69    76    73
94     40    65    61    42    39    35    62    78     1    34    48    13
95     66    76    52    20    14    19    56    43    92    75    83    38
96     79    51    70    44    24    22    91    97    98    81    36    60
97     11    86    16    69    98    68     6    37     2    99    50    77
98     83    85    43    75   100    46    65    10    53    51    90     9
99     87    33    67     2    25    88    85    61    49    41    29    71
100    32    60    94    82    77    78    70    26    72    96    42    31

:     97    98    99    100    :=
1      59    72    83    77
2      81    54    15    36
3      26    34    50    91
4       4    87    49    58
5      38    89    11    35
6      62     5     9    29
7      53    41     1    71
8      20    88    12    42
9      74    27    51    96
10     78    75    98    46
11      2    59     6    90
12     29    20     7    89
13     18    98    17     9
14     97    11    36    95
15     57    43    72    84
16     85    31    39    44
17     75    79    45    51
18     22    52     8    70
19     23    96    67    19
20     37    69    82    87
21     36    78    85    92
22      9    53    93    38
23     48    30    21    34
24     35    71    10    80
25     14    90    19    73
26      8    58    68    76
27     44    91    46    63
28     25    51    22    61
29     82    18    40    26
30     96    47    86    79
31     12     8     2     3
32     90    66    95    41
33     65    19    73    99
34     71    28     4    49
35     89    67    77     1
36     79    21    29    60
37     91    13    69    53
38     47    46    96    54
39     30    68    31    88
40     40    81   100    82
41     33    29    78    12
42     72     4    55   100
43     83    16    65    67
44     77    35    25    17
45     76    32    53    37
46     52    48    63    98
47     70    84    99    68
48     11    64    43    93
49     42    94    97    39
50     21     9    60    56
51     39    62    64    27
52     67    24    34    50
53     93     3    70     4
54     28    95    94    33
55     63    56    13    81
56      1    76    16    48
57     86     6    71    75
58     69    73    66    83
59      7    49    14    57
60     55    45    80    52
61     54    36    62    40
62     43    50    33    72
63     51    17    91    55
64      3    10    48    13
65     16    25    81    15
66     84    99    18    65
67     61    23    56    74
68     94    83    75    86
69     41    37    20    69
70     64    82    92    32
71     56    22    61    78
72     73    65    88    66
73     34    15    47    20
74     31    74    26    14
75     45    60    38    85
76      6    39    76    24
77      5    42    59    62
78     10    77    23    30
79     49    33    35     2
80     50    92    57    97
81     95    44    58     6
82     13    38    89    59
83     87    70    37    18
84     32    97    90    43
85     60     1    84    31
86     98   100    41    47
87     24     2     5    10
88     92    85     3     8
89     99    26    27    28
90     80    61    42     7
91     68    80    28    45
92     46    63    54    64
93     19     7    44     5
94    100    86    87    16
95     27    57    79    21
96     58    93    32    25
97     88    40    24    23
98     15    14    30    94
99     66    55    52    11
100    17    12    74    22
;

