 17  18  25   7  16  10   2  15  12   8  23   4  13  20   3  22   6  21   5  14  11   9   1  24  19 
  5   2   4   3   9  20  13  21  22  23  18  16   8  14   1  10  11  19  24  15   6  17   7  12  25 
  6  22   8  10  12  14  16  24   3  11  21  19   9   7  17   2  23  25   1   4  13  18  20  15   5 
 14  15  21  20  24  25  17  18   1  19   2  11   5  22   6  13   7   9   3  12  16   4  10  23   8 
 23   1  11  13  19   9   4   7   6   5  25  12  24  15  10  17  20   8  18  16   3   2  21  14  22 
 12  23   2   9  11  21  10  16  17  13  22  25  19  24  18   6  15   7  14   8   4   3   5  20   1 
 13  25   3  24  15  18  23   5   4   7   1   8   2  10  12  11  22  20   9  17  14  16  19  21   6 
  8  21   7   4   5  22   9   1  20   6  17  13  14   3  16  25  12  23  10  19   2  24  18  11  15 
  1  10  20  22  14   2  15  12  19  24   5   6  11   9   7   4   3  16  21  18  23  13   8  25  17 
 16  19  17   6  18  11   3  25   8  14  20  15  21   4  23  24   1   2  13   5   7  10  12  22   9 
 10   3  19   5   2  17  24  11  14   4  13   9   6   1  25  20  16  22   7  21   8  23  15  18  12 
  7  20   9   8  17   6  25  22  21  15   4   2  23  11  24   1  10  18  12  13   5  19  14   3  16 
  4  14   6  15  25  12  18  23   2  10  16   7  20   8  21   3  17   5  19   9   1  22  11  13  24 
 22  11  13  18   1  19   7   8   9  16  14   3  12  17   5  23   2  24  15  25  10  21   4   6  20 
 24  12  16  23  21   1   5   3  13  20  15  10  22  18  19  14   8   4   6  11   9  25   2  17   7 
  3  16  12  17   4   7   8   9  10   2  24  14  25  13  20  21   5  11  22  23  19  15   6   1  18 
 20   9  24   1  10   5  14   6  18  17  12  21  16  19   2  15  25  13   4   7  22  11  23   8   3 
 19   5  18  25  22   3  11  13  16  21   8   1   4  23  15   9  14   6  20  10  24  12  17   7   2 
 15   6  14  21   8  24  22   4  23  12   7  17   3   5  11  18  19   1  16   2  25  20   9  10  13 
  2  13  23  11   7  15  20  19  25   1   9  18  10   6  22  12  24  17   8   3  21  14  16   5   4 
 18   8  22  16   3  23   1  14   7   9   6  24  17  25   4  19  21  12  11  20  15   5  13   2  10 
  9  24   5  19  23   8  12  10  15   3  11  22  18   2  13   7   4  14  17   1  20   6  25  16  21 
 21   4  10  14  13  16   6   2   5  25   3  20   7  12   9   8  18  15  23  22  17   1  24  19  11 
 11   7   1   2  20   4  19  17  24  18  10   5  15  21  14  16  13   3  25   6  12   8  22   9  23 
 25  17  15  12   6  13  21  20  11  22  19  23   1  16   8   5   9  10   2  24  18   7   3   4  14 
