  4  80  13  70  62  28  25  41  20   1  65  63  74  52  72  69  73  14  29  38  12  79  34  59  22   3  16  46  27  44   7   5  60  33  40  81  49  48  57  19  37  21  58  36  50   9  64  35  66  47  68   8  75  55  53  67   6  51  32  18  54  42  77   2  43  17  56  10  15  26  23  76  11  61  39  78  24  30  71  31  45 
 52  32  46  66  54  76  42  38  40  64  51  23  62  39  20  17  79  81  50  73  47  26  14  63  53  55  75  49  43  78  31  41  48  61  57  11  45  80   5  34  67  33  70   4  10  22  58  18  15  56   6  27   1  21   2  28  59   9   7  44  24  13  30  37  69  25  77  16  74  71  36  68  72   3   8  29  35  60  65  19  12 
 12  22  36  29  45  11  33   9  18  68  56  61  35  57  26  24  15   2  69  74  30  60  52  76   8  20  48  21  10  16   4  79  70  19  59  13  78  32  77  39   1  40  71  27  23  14   3  72  54  53  50  41  28  46  64  55  43  66  65   5  62  80  73  47  49  75  31   6  67  44  63  81   7  34  37  25  42  17  51  38  58 
  3   5  49  10  17  68  55  24  57  37  76   6  75  60   4  70  34  21  58  43  33  56  77  44   9  64  40  20  18  25  36  47   8  65  28  71  62  59  35  79  15  51   7  42  81  69  29  13  32  80  23  30  78  74  31  39  19  63  16  61  12  38   1  72  54  22  27  50  48  66  11  45  46  67  52  73  53  14  26  41   2 
 77  47  26  53  69  59  60  34  44   3  54  30  41  67  29  66  45  25  42  13  27  21  80  31  49  81   5  14   6  55  24  73  51   2  74  32  65  12  11  46  18   9  28  22  17  70  20  16   7  62  43  76  63  37  57  71  23  58  72  15  48   8  78  33  61  19  35  38  79   4  52  39  68  40  50  56  64  75  36   1  10 
  6   8  79  63   7  65   2  50  81  78  36  43  71  12  18  55  47  77  45  19  46  61   4  66   1  37  35  23  72  52  53  76   9  54  62  38  41  13  20  73  30  68  16  56  29   5  42  57  39  67  11  25  26  31  14  10  17   3  49  40  75  27  22  51  64  60  32  28  58  34  70  24  80  74  48  59  69  15  44  21  33 
 64  51  72  21  73  27  56  35  43  19  16  38  42  59  22   8  50  11  36  67  70  57   2  17  32   7  54  29  66  68  80  58  15  30  75  39  74  31  44  24  61  26  60  76   3  71  49  45  40  10  77  52  48  65  33  34  47   4  79  20  25  37  69   1  78  53  14  12  55  41  46  62   9   6  81  18  23  13  28  63   5 
 23  30  61  74  48  16  37  19  14  31  53   9  80  28  40  46  58  44  78  51   6  39  62  15  10  71  68  50  22  35   1  34  26  56  67  64  63  72  55  25  69  75  66  38   8  79  33   4  12  59  17   2  24  36  41  29  45  76  81  52  11  70  60  65  18   5   7  21   3  73  13  42  49  20  57  54  77  47  32  27  43 
 67   1  78  39  58  75  71  15  31  27   5   7  10  13  33  32  49  48  41  72  25  23  24  65  28  18  11  37  69  77  42  45  63   3  17  12  43  53  14   2   6  47  54  64  52  34  61  73  60  81  19  44  38  51  56  35  50  21  26  46  68  74  36   8  30  59  57   9  20  40  80  29  66  70  76   4  55  16  22  79  62 
 71  16  47  48  22  17  78  43  62  28  46  77  21  27  55   9  38  80  30  68  49   1  44  37  65  39  53  24  15  81  13  26  32  50  79  18  59  42  51  52  60  64  12  73  31  29  75  19  69  70  25  54  20  23  45   3   8  36  41   7  66  34  72  61  11  14  76  74  33  67  56  40   5  35  58  10   4  63   6   2  57 
 15  61  25  28  35  53  18  66  45  81  64  39  26   4  12  51  63  40  52   5  10  43  78  72  71   9  36   3  73  29  60  44  55  23  54  33   1  74  37  13   7  17  68  11  20  27  59  21  47   6  31  79  50  58  16  46  30  19  14  57  38  56  48  32  70  34  22  41  42  49   2   8  65  77  69  76  62  80  75  67  24 
 39  46  23  77  65  20  70  56   4  73  47  33  13  69  60  19   5  72  16  11  75   8  67  81  15  59  24   6  74  27  40  63  80  62  45  41  61  58  22  14   2  28  35  66  57  68   7  42  44  34   3  43  49  38  52  32   1  26  53  12  31  76   9  10  25  36  17  79  50  54  21  78  37  55  30  71  48  64  18  51  29 
 60  24  21  51  81  42  19   1  36  10  58  35   6  31  79  22  44  15  48  63  76  55  70  29  18  80  74  68  14  57  77  59  34  12  49  66  71  75  50  54  62  78  43  16   4  32  67  53  26   8  65   5  56  39  69  13  25  61  73  47  28   2  64   3  23  27  46  52  38  30   7  37  45  41   9  40  72  33  20  17  11 
 57  50  12   7   9  14  44  79  26  11  70  41  54  49  74  37  65  34  56  17  28   6  45  23  33  51  32   2  42  58  48  21  47  16  20  22  24  38  72  53  39   8  46  67  76  60  80  30  81  61  40  36  77  10  75  43  63  71  18  59  15  68   5  64  73  35   4  69  19  29  62  55  27  78   1  13   3  31  25  52  66 
 63  11  31   6  33  54  73  37  32  24  29  71  45  68  66  43   8  17  47  25  79  69  50  58  34  57   3   9  30   7  72  38   4  76  10  70  55  56  21  26  23  80  49   5  65  46  28  48  52   2  13  78  41  64  20  27  62  22  67  51  40  35  44  59  77   1  15  60  81  16  18  75  74  42  36  19  39  53  61  12  14 
 80  27   5  64  59  10  38   3  69  75  18  67  57  50  36  14  52  23  46   2  40   4   7  13  54  66  61  56  51   8  25  53  31  39  11  78  15  45  19  41  34  30  77  33  44  35  55   1  62  24  12  73  37  76  58  65  42  70  17  74  79   6  29  68   9  71  63  26  72  20  43  48  47  49  22  81  60  32  21  28  16 
 76   2  58  34  13  72  30  67  41  16   3  56  59  53  25   7  48  62  14  42  60  64  26  20  77  22  27  17  75  19  69  52  35  28  61   1  79  70  10  29  47  63  36  40  32  45  15  66   4   9  33  71  74  18  81  21  80  23  78  11  37  49  55  31   5  51  12  39  65  24   6  57  50  44  68   8  73  46  43  54  38 
 75  68  29  55   8  40  52  49  74  30  42  32   2  76  61  20  78   1  38  35  62  31  12  21  41  19  73  65  37  64  43  71   5  67  46  36  27   6   3  69  48  18  81  25   9  11  22  51  17  16  63  57  72  14  54   4  33  39  60  24  77  50  10  13  80  47  28  53  66  45  58  44  23   7  79  15  56  70  34  59  26 
 73  49  63  76  14  77  59  33   8  80  37  54  69  81  70  53   7  26  67  44   9  72   6  16  42  29  34  12  52  28  79  40   1  58  30  75  32  15  17  61   3  65  64  48  36  51  18  25  45  78  20  62  27  60  35  23  46  38  56  19  10  41  39  22  31   2   5  13  21  68  66   4  57  43  11  24  71  50  47  74  55 
 42  78  32  20  51  30  22  48  29  61   9  47  36  25   5  35  60  13  33  59  39  38  15  28  79  76  81  66  62   4  71  65  43  46  68  17  56  50  49  77  24  31  53  26  41  55  11  58  73  12  80  70  14  19   1  44  64  37  52   2  21  63  16  27   8  45  72  54  57  18  10  74  67  23  34  75  40  69   7   6   3 
 18  57  62  13   4  31  65   5  70  14  44  45  77  40  39  15  46  74   8  78  80  48  58  49  50  21  37  22  36  23  26  32  42  51  72   3  68  79  25  81  75   2  52  47  11  24  10  69  38  17  29   1  34  71  12  53  60  73  27   6   7  43  33  67  76  63  20  56  41  28  55  35  19  59  64  61  16  54  66  30   9 
 26  72  75  12  60  79   9  53   1  34  41  52  24  33  65   2  55  10  17  45  22  70  13   7  74  56   4  38  64  67   5  16  29  69  31  77  73  71  78  37  42  19  76  46  54  39  81  15   3  48  57  66   6  35  11  36  32  62  68  58  47  14   8  80  40  30  61  59  23  50  25  43  44  21  28  27  49  20  63  18  51 
  2  44   6  37  38  58  61   7  66  50  59  31  73  62  17   1  27  67   3  40  41  46  18  11  51  65  10  25  48  21  55  13  76  34  19  15   8  28  23  63   9  22  30  12  74  36  43  47  64  79   4  53  68  16  80  57  78  24  42  72  20  71  54  69  32  49  29  75  26  70  39  77  60   5  33  45  14  52  81  56  35 
 46  15  69  71  47  50  21  25  68  79  75  49   8  20   6  56  12  16  26  27  31  66  53  52  35  36  23  10  63  74  54   9  57  24  44  59   7  34  60  72  43  55  39  18  14  37  77  40  33  65   2  32   5  30  22  17  61  45   4  67  76  28  13  11  19  38   3  48  64  51  81  73  70  29  42   1  80  41  58  62  78 
 56  28  45  40  67  35  10  23  52  18  19  29  30  43  63  11  21  42  77  75  61  71  64   5  60  62   2  78  41  14  49  33  27  20  53  50  66  57   6   4  38  58  59  80  16  54  72  26  13  76  46  31  44   8  70  69  55  74  51  81   9  25   3  12  79  24   1   7  34  47  15  17  22  65  73  48  37  36  39  32  68 
 17  34  55  16  19  74  24  81  64  48  23  68   3  72  71  57  76  28  73  32  43  63  20  47  14  54  12  80  45  70  11   8  18  60  39   2  10  44  67   1  13  35  27  51  69  56  41  52  50  22   7  21  42  61  29  49  26  30   5  66  59  40  75  58   6   9  65  33  78  62  37  36  25  79  77  31  15  38   4  53  46 
 54  41  43  27  11  80  39  36   3  22   4  66  32  38  64  58  51  78  57   1  55  68  19  24  30  69  25  61   7   6  81  35  37  73  56  47  33  20  40  45   5  29  62  21  70  63  74  49  67  28  59   9  23  75  77  15  48  31  50  79  34  18  65  71  52  42  60  44  53  14  16  46  13  76  72   2  17  26  12  10   8 
 44   9  28   8  49  46  63  73  54  45  35  78  25  41  34  13  75  20  71  47  15  80  33  32  52  77   6   4  38  69  18   3  17  68   1  67  21  65  56  50  64  43  42  23  66  57  79  70  11  31  14  59  61  12  62  19  39  72  29  16  74  55  53  40  36  10  58  81   2  76   5  22  26  51  60  30  27  24  37  48   7 
 24  52  40  81  74  69  77  62  79  39  15  16  72  51  56   4   3   6  53  65  37  20  11  55  43  17  14  19   9  41  58  54  21  71  48  28  38   7  59  30  33  61  47  45   5  78  27  29  36  26  44  49  32  25  76  80  22   2  35  75  67  60  12  73  63  31  64  18  46  57  42  34  10  50  23  68  66   1   8  70  13 
 13  39  59   3  56   1  34  29  78  63  62  53  23  54  58  38  69  68  49  21  74   5  35  64   2  60  76  43  16  22  57  10  73  27  66  45  72  36  41  40  11  71  32  52  15   4  17  81  37  20  48  75   9  47  18  42  14  77  24  30  46  51  70  26   7  12  50  55   8  65  28  80   6  33  31  79  19  44  67  25  61 
 16  70  66  23  68  48  32  20  42  40  21  37   1  29  76  50  17  18   4  61  26  58  73  38  46  28  56  64  77  65  33  36  12  79   7  72  67  14   9  80  57  54   2  81  13   6  52  63  43  19   5  22  51  53  27  47  31  15  10  41   8  45  34  30  74  78  11  25  24   3  44  60  35  71  75  69  59  55  62  49  39 
 27  36  37  65  76  38   4  80  12  55  48  19  31   9  44  33  28  61  68  18  45  40  22   8  70  42  41  30  34  62  32  11  59  63  52  56  25  77  58  75  10   6  26  74  60  66  24   7  72  46  73  35  15   2   3   5  13  64  69   1  50  79  49  20  29  21  51  23  39  43  71  67  81  53  47  16  57  78  17  14  54 
 21   7  60  61  71  57  45  72  11   8  81  42  12  77   2  49  64  47  51  62  54  30  66  48  78  31  79  15  39   5  50  24  75  14  25  46   3  55  53  44  29   1  18  34  22  67  65  10  76  33  69  23  16  41  38   9  20  43   6  63   4  26  40  35  37  68  13  70  17  59  27  19  36  32  56  80  58  74  52  73  28 
 31  25  41  30  50  67  64  18  33  74  26  14  46  32  10  73  70  22  72  39  29  19  69  12  44  23  57  47  61  80  51  55  13  37  35  60  76  27  63  78  79  48  20  68  24  58  71  54  28  38   8  77  62  40  36  81  11  65  59  56  17   7  66   6   4  15  16  49  75  52  53   1  42  45   2  34   9  43   3   5  21 
 43  75  19   2   6  22  15  17  58  36  60  65  11  79  57  52  80   5  81   7  24  34  27  10  13  67  59  76  23  40  74  49  53  26  70  31  16  73  39  35  51  46   4   8  37  42  30   3  68  55   1  56  45  50  28  25  71  44  48  78  61  21  32  54  38  69  62  14  47   9  33  66  63  12  41  20  18  72  29  77  64 
 51  10  53  26   5  55  14  47  35  66  24  59  43   7  30  67  71  27   9   3  16  75  63  25  36  50   1  81  78   2  20  29   6  42   8  44  69  62  12  70  31  49  19  17  28  64  60  74  80  21  39  18  13  34  23  37  73  54  33  68  52  58  57  48  41  56  45  77  61  72  79  32   4  22  65  46  76  40  38  11  15 
 14  63  77  56  26   9  35  44  37  70  66  80  51  21  43  23  40  38   5  31  18  22  79  53  59  25  50  62  13  47  52  15  45  10  76  68  29   3  30  55   4  24  78  41  75  65  32  36  57  60  34  48  67  54  71   8  58   6  11  17  69  64  74  49   2  39  33  19  16   1  72  28  61  27   7  12  46  81  73  20  42 
 29  60  73  62  75  66  80  68  13  26  39  10  16  36  52   5  32  12   2  81  20  74  55  46  69  33  71  70  54  11  64  25   3  43   6  53   9  47  27  59  63  23  17  49  19   1  50  14  78  45  79   7  21  28  65  38  72  57  61  48  18  77  24   4  42  40  44  67  37  15   8  51  76  30  35  22  34  56  41  58  31 
 32  38  54  72  52   3   6  70  59  58  27   4  76  18  48  29  74  56  40  26   1  73  42  39  80  41  44  75  71  66  63  78  16  81  23  34  14  51  61  57  46   7  22  20  67  12  19   8  30  49  47  37  11  15   5  62  10  35   2   9  55  33  31  25  45  79  69  65  36  21  68  53  43  60  17  28  13  77  24  64  50 
 10  58  33  79  39  23  31  42  27  41  78  60  49  45  75  47  72  50  34  57  48  29  38  77  17  12  28  74  44  24  67  37  40  59  14  51  53  43  68  21  65   5  15   1  25  80  35  71  70  73  64   3  69  20  32  76  36   7  22   4  30  52  63  81  55  11   6  61  13  46   9  56  54  26  16  62   2  66  19   8  18 
 69  21  81  47  61  34  36  12  67  25   7  11  65  37  62  44  54  71  15  66  64  14  75  60  76  32   8   1  46  79  73  22  56   4  41  49  42  35  28  58  80  70  45  77   2  43   9  17  55  68  27   6  52  24  40  16  53  29  13  50  78  19  26  18  10  23  30   3   5  48  31  20  39  72  59  38  33  51  74  57  63 
 20  55  18  49  43  15   7  46  24  35  73  22  61   2  67   6  57  30  19  52  23  36  21  51   3  78  63  39  29  12   8  69  50  77   9   5  26  40  54  60  76  11  13  72  33  74  53  31  16  42  10  38  58  81  25  59  34  28  45  70  56  44  79  41  17  62  66  71  80  64  75  27  48  47  32  37   1   4  14  68  65 
 22  76  51  19   1   4  41  57  71  69  17   3  55  63  28  77  53   9  11  30  65  13  47  27  24  68  49  48  60  26  35  72  61  80  32  42  64  16  31  56  74  79   8  50  38  23  44  62   2  40  18  33  59  29  39  66  21  81  37  73  43  46  20  34  12  52  54  78   7  58  14  70  75  15  25   5   6  10  45  36  67 
 11  65  50   5   2  25  53  78  48  15   8  34  81  42  19  64  68  31  43  16   7  35  10  56  62  61  45  58  17  30  27  20  28  21  33  55  37  39  32  18  36  52  69   6  73  26  76  75  46  66  72  51   4  13  47  54  67   1  80  49  41  12  14  63  60  74  59  24  77  22  57  38  40   9  71   3  44  79  70  29  23 
 74  64  16  17  28  45  40   8  30  20  79  13  14   1  24  59  33  46   6   4  58  37  54   9  72  70  67  31  57  36  19   2  65  18  38   7  44  10  71  66  81  34  48  62  12  77  39  61  56  25  41  63  22   5  42  75  27  68  15  23  60   3  51  43  26  76  47  73  32  35  29  50  78  52  55  21  11  49  53  69  80 
  9  14  48   4  29  18  51  11  23  46  63  76  19  61   8  21  31  45  37  36  53   7  49  78  25  35  60  26  47  33  34  62   2   1  16  79   5  54  73  27  68  56  74  32  55  59   6  20  41  52  42  24  12  70  10  22  77  40  38  43  81  66  15  17  44  65  67  57  28  13   3  58  64  69  80  72  75  39  50  71  30 
 55  45  65  68  40  21  12  63  16  57  49  73  38  26  14  30  81  37  66   6  17  77   9  70  47  48  58  60  19  54  76  75  24  72  42  61  35  67  33  62  28  59  41  29   7   3  56  50  31  71  22  64  10  80  34  51  74  32  39   8  23  78  27   5  46  43  79  36  25  11  69  18   1   4  15  53  52   2  13  44  20 
 34  79   7  41  25  61  20  76  38  62  32   2  18  70  59  60  22  58  54  56  13  44   8   4  12  15  26  28  40  50  17  68  10  29  21  69  47  49  52  42  78  81  51  65  71  33  63  27  14  37  66  55  57  11  73  31  35  67  75  36  64  24  46  53  16  80  39  30   9   6   1  72   3  48  74  43   5  23  77  45  19 
  1  19  70  22  77  56   3  10  75   4  55  69  68  23  15  65  42  66  79  33  34  52  28  45  40  46  21  13  81   9  59   6  71   5  18  57  58  63   2  64  16  53  50  43  30  61  38  60  48  39  26  29  35  44  37  11  41  80  20  76  72  17  62  74  47  73  49  32  51  31  12   7  14   8  27  36  78  67  54  24  25 
 49  35  57  15  36  43  13  28  72  54  71  79  78  44  41  27  56   3  75  23  50  32  76  73  20  11  51  52  65  39  38  30  64  53  80  48  70  60  46  12  77   4  31  61  26  18  25   9  74  69  67  34  47  17  68   1   7  33  55  29  19   5  58  66  62   8  37   2  45  10  24  14  59  63  21   6  22  42  40  16  81 
  8   6   2  67  30  39  66  32  60   7  40  17  20  47  80  16  10  75  64  69   5  62  81  71  27  74  42  55  25  73  37  77  22  31  12  58  18  24  45  48  19  44  34  15  72  53   1  68  51  13  76  65  36  43  49  52  28  56   3  26  14  59  61  50  21  33  23  63   4  38  78  54  41  11  29   9  79  57  46  35  70 
 37  31  64  59  46  47  62  58  53  13  74   5  52   6  51  72  25  43  10  80   3  18  16  68  67  24  38  32   8  15  78  70   7  49  27  35  20  11   1  36  14  39  23  75  79  30  54   2  21  77  28  45  81   4  44  12  69  48   9  71  63  57  50  42  34  29  19  40  56  61  22  41  55  17  26  33  65  76  60  66  73 
 78  17  71  33  80  24  54  74   5  67  50  36  53  11  35  48   1  29  31  22  59  65  72  57  39  30  43  44   4  20  56  14  46  41  63  23   6   8  66   3  25  69   9  37  40  73  16  32  19  75  15  58  79  49  21  45  18  13  70  60  42  47   2  55  27  64  81  76  68  77  26  52  51  38  12   7  28  62  10  61  34 
 50  26  42  44  27  81  69  52  73   9  28  64  33  34  77  12  24  39   1  14  63  41  29  61  19   2  55  36  67  43  45  51  11  66   3  74  80  17  38  76  22  10  57  13  21   7   8  23   5  72  62  40  46  78   4  79  65  16  54  53   6  30  25  60  15  20  48  35  70  75  59  71  58  56  49  32  68  18  31  47  37 
 36  54  34  80  72  44  29  39  17  21  33  62  48   3  73  25  66  70   7   8  14   2  65  74  75  26  30  40  56  37   6  27  77  78  15  24  19  23   4  38  52  42   1  69  35  31  47  79  59  51  55  16  60  67  13  20   5  41  58  28  49  61  45  46  68  57  53  11  76  81  64  10  12  18  43  50  63  71   9  22  32 
 38  37  35  32  16  51  28  77  56  17   2  50  79   8  49  61  43  52  59  71  68  10  36  22  11  53  47  73  55  75  29  60  30  44   5  62  40  26  15   7  21  13  63  31  45  48  70  33  18  14  24  42  80   3  67   6   4  46  64  54  39  65  76   9  72  66  78  27   1  23  19  12  34  57  20  58  74  25  69  81  41 
 40   4  67  18  42   2   1  60  10   5   6  46  28  71  11  75  41  19  20  29  72  15  57  34  58  49  66  69  79  31  39  12  74  64  47  26  51  33  16  65   8  25  56   9  61  50  37  22  35  32  30  17  76  63  55  70  52  27  36  62  53  81  68  45  24  44  21  43  54  80  48  59  73  14  38  23   7   3  78  13  77 
 70  43   3  58  21  33  11  45  47  23  12  51  40  35  32  81  77  64  55  46  44  28  56  62  48  79  52  18  20  76  10  17  49  36  13  19  22   5  74   6  66  57  73   2  78  15  34  41  53  54   9  72   8  68   7  30  75  50   1  14  71  69  59  29  39  16  38  37  63  60  65  25  24  31   4  67  26  61  42  80  27 
 81  69  30  73  53   8  26  61  25  59  34  57   9  10  37  36  14   7  32  60   4  27  39  50  21  13  80  54  70  72  68  42  41  45   2  63  11  76  47  67  71  62   3  28  77  49  12  46  23  43  75  20  66  52  48  24  38  78  44  31  51  15  19  79  22  55  18  58  35  56  74   5  17  16   6  64  29  65   1  33  40 
 59  13  52  24  57  19  79  31  46  76  20  15  29  22  42  68   4  54  25  77  67   3  43  41  61  63  69  53  80  71  65  23  14  38  58  16  75  30  48  17  70  32  44  55  18  21  78  39   1  11  81  74  64  27   9  26  40  12  66  10  33  72  56  62  28   7  34  47  73  36  50   6   8  37   5  51  45  35   2  60  49 
 62  12  68  50  23  71  49  55   9  56  69  18  47  65   1  26  16  63  24  37  19  78  51  35   6  45  64   7  32  46  61  28  52  48  34  21  36  81  43  20  27  14  79  39  58  10  73   5  25  44  38  13  40  57  60  74   3  17   8  80  29  22  11  70  67  41  42   4  31   2  77  33  15  54  53  66  30  59  76  75  72 
  7  20  15  14  66  63  27  22  65  38  72  74  39  58  53  78  67  24  18  76  81  16  17  42   5  40  31  33  59   3   9   1  25  57  50   4  54  46  80  49  12  41  37  60  64  19  45   6  29  36  71  28   2  26  43  77  79  34  21  35  73  23  47  52  51  13  75   8  30  32  61  69  62  10  44  11  70  68  56  55  48 
 41  48  74  75  64  78   5   6  76  44  45  27  60  80  13  31  30  55  70   9  38  12   1  54  23  73  33  67  11  51  66  43  81  35  22   8  34  68  24  10  50  72  29  53  59  62   4  77  65  58  61  69   7  56  63   2  37  42  25  32  57  16  18  14  20   3  26  15  71  17  40  49  21  28  46  52  47  19  79  39  36 
 53  23  10  78  32  26  67  27  34  71  30  28  37  48  68  45   9  51  62  20  35  24  40  80   4  44  15  63  50  61  41  64  69  13  43  25  39  29  75   8  56  76  38  79  46   2  36  55  77   7  49  12  73  42  17  58  16   5  47  65   1  11   6  57   3  18  74  66  52  19  54  21  33  81  70  14  31  22  59  72  60 
 45  62  44  42  31  52  16  14  77   2  61  26  67  64  50  80  59  49  63  53  36  17  71  75  55  72  19   5  24  60  21  48  66  74  73  20  30  69  13  28  58  15  65   3  27  76  46  56  10   4  32  39  43  22  79  78  12  18  57  33  35  54  23  38  81  70  40  68   6  25  34   9  29   1  51  41   8   7  11  37  47 
 58  71   9  57  63  60  17  51  19  52  25   1  70  73  27  42  35  41  76  34  56  47  59  14  64   8  29  11   2  18  75  81  39   7  37  40   4  21  26  23  20  74   6  10  68  28  13  24  79  15  53  61   3  62  72  48  66  49  46  77  22  36  43  78  33  32  55  31  69   5  45  30  38  80  67  65  54  12  16  50  44 
 35  74  38   1  55  29  68  21   7  33  22  40  15  66   3  79  23  69  27  70  78  67  48   6  73  52  46  77  28  10  47  57  54   8  36   9  12  37  64  11  44  16  80  24  53  75  51  34  71   5  60  26  31  72  19  41  81  59  63  25  13  32  42  56  65  50  43  20  14  39  17   2  18  58  62  49  61  45  30   4  76 
 28   3   4  36  12  64  47  13  15  65  10  81  17  56  16  54   6  60  74  50  66  33  32  30  38  43  18  72  76  42  23  67  62  22  51  27  77  19  34   5  45  73  55  59  63  25  40  37  58  41  52  68  29  48   8  14  70  20  71  39  44  31   7  24  75  61  80   1  11  79  49  26  53   2  78  35  21   9  57  46  69 
 48  33  39  46  37   5  50  69   6  47  43  20  58  24  21  74  13  76  23  12  42  81  25   2  45   1  77  16  68  53  70  80  79  32  78  65  31  66   7   9  72  60  40  35  49  38  57  11   8  18  54  14  30  59  61  73  51  52  62  55  26  29  28  44  71   4  41  22  27  63  67  15  56  36  19  17  10  34  64   3  75 
 66  56  11  54  70  73  72  65   2  77  57  55  63   5  46  62  29  53  22  49  21   9  41  79   7  16  39  59  35  38  12  31  33  17   4  30  81  18  42  71  32  36  61  14  43  44  69  78   6   1  74  47  19  45  50  64  24  75  34  27   3  67  80  76  13  58   8  51  10  37  60  23  20  68  40  26  25  28  48  15  52 
 61  40  76  25  20  49   8  75  80  72  11  44   4  14  31  18  39  32  60  28  69  54  37  26  57   5  13  45   3  34  15  19  58   6  29  52  17   1  62  22  41  67  33  78  51  81  23  65  63  64  35  50  70   9  30  68  56  10  74  38   2  53  21  77  59  48  36  46  12   7  47  16  79  24  66  55  43  73  27  42  71 
 30  18  24  43  79  41  81  59  22  12  38  75   7  19  78  34  36   8  61  58  11  51  31   3  68  10  65  71  49   1  46  56  44  55  26  14   2  52  70  47  54  50  25  57  48  17  21  67  20  27  16  80  33  66  15  40   9  60  76  69  45   4  37  28  53  72  73  62  29  42  35  64  77  13  63  39  32   6   5  23  74 
 33  42  20  45  34  12  75  54  61  29  13   8  66  55  81  10  18  59  80  79  71  50   3  69  26   4   9  35  53  48  14   7  23  40  77  73  28  22  36  16  17  27  72  19   6  41  68  38  49  63  70  11  65  32  78  60  44  25  31  37  58  39  67  21   1  46  52  64  43  74  30  47   2  62  24  57  51   5  15  76  56 
 25  67  17  38  44   7  76  64  51  32   1  12  22  74  45  39  37   4  21  55   8  49  30  36  81  27  62  57  31  13   2  46  68   9  65   6  60  78  18  15  35  66  24  70  47  20  14  28  42   3  58  10  54  69  59  50  29  53  19  34   5  48  52  23  56  26  71  72  40  33  73  63  16  75  61  77  41  11  80  43  79 
 79  66  14  60  18  13  43   4  49  51  31  70  50  15  54  76  20  57  65  24   2  42  61  40  63  58  72  41   5  59  44  39  36  11  69  10  52  64  29  33  53  37  67  30  34  16  26  80  75  23  21  46  71   1  74  56  68  55  12  22  27   9  38  19  48  77  25  17  62  78  32   3  28  73  45  47  81   8  35   7   6 
 47  59  27   9  15  36  48  40  50  53  52  24   5  78   7   3  19  79  44  41  51  11  60  43  31  14  20  42  26  17  28  74  72  25  71  37  46   4  76  32  73  77  75  58  80  13  62  64  61  30  56  67  18  33   6  63  49   8  23  45  16  10  35  39  57  81   2  29  22  55  38  65  69  66  54  70  12  21  68  34   1 
 65  29  80  52   3  32  58  16  39  49  14  21  44  46   9  28  26  36  12  15  57  53  68  19  66  75  78  34  33  56  62  61  67  47  81  54  50  25  69  31  55  38  10  63   1  72  48  76  27  74  45   4  17  77  51  18   2  11  43  42  70  73  71   7  35   6  24   5  59   8  41  79  30  64  13  60  20  37  23  40  22 
 19  53  56  11  10  70  46  26  63  43  68  48  27  30  47  41   2  33  13  54  73  25  23  18  29   6  22  51   1  32  16  66  38  52  60  80  57  61  65  74  40   3  21  44  62   8   5  59  34  35  37  15  55  79  24   7  76  69  77  64  36  20  81  75  50  28   9  45  49  12   4  31  71  39  14  42  67  58  72  78  17 
 72  73   1  31  41  62  23  30  21  42  80  25  64  16  69  40  61  35  39  48  77  45  46  67  37  47   7  79  12  63  22  18  78  15  55  43  13   9   8  68  59  20   5  71  56  52   2  44  24  50  51  81  53   6  66  33  57  14  28   3  65  75  17  36  58  54  70  34  60  27  76  11  32  19  10  74  38  29  49  26   4 
 68  77   8  69  78   6  74  71  28  60  67  58  56  75  38  63  62  65  35  64  52  76   5  33  16  34  17  27  21  49  30   4  20  70  24  29  23   2  81  43  26  45  11   7  42  47  66  12  22  57  36  19  39  73  46  72  54  79  40  13  32   1  41  15  14  37  10  80  18  53  51  61  31  25   3  44  50  48  55   9  59 
  5  81  22  35  24  37  57   2  55   6  77  72  34  17  23  71  11  73  28  10  32  59  74   1  56  38  70   8  58  45   3  50  19  75  64  76  48  41  79  51  49  12  14  54  39  40  31  43   9  29  78  60  25   7  26  61  15  47  30  21  80  62   4  16  66  67  68  42  44  69  20  13  52  46  18  63  36  27  33  65  53 
