5
24 0 0 0 0 0 0 16 0 1 0 20 0 0 23 0 8 21 11 0 0 3 0 18 0
0 0 0 0 0 0 0 0 6 20 11 1 0 0 0 12 16 0 3 5 0 0 15 17 9
23 21 16 7 0 0 0 0 24 0 0 15 0 18 5 10 2 0 17 20 14 0 0 0 0
19 0 0 0 2 4 0 0 23 3 0 0 17 24 0 13 0 15 0 0 8 11 0 0 6
0 0 0 0 0 21 0 0 0 0 3 0 2 0 0 0 0 0 0 0 0 0 7 0 0
6 0 24 17 0 0 9 0 20 0 0 21 16 0 0 11 0 0 0 25 1 0 0 0 0
3 13 25 10 15 0 7 0 0 0 0 2 0 4 0 17 0 0 0 0 0 12 0 0 18
0 0 22 4 7 0 0 8 18 0 0 24 0 0 0 0 15 9 2 0 3 0 0 14 11
0 0 0 0 0 0 0 0 0 0 0 0 22 17 9 14 0 0 0 1 0 13 19 8 0
0 0 0 0 0 22 13 10 21 25 0 0 0 0 0 0 0 0 0 0 4 7 0 5 0
10 12 0 21 0 6 0 25 15 0 16 0 0 0 1 0 0 0 0 0 13 0 14 0 0
5 0 15 0 8 0 16 22 9 19 4 6 0 10 0 0 1 20 0 13 0 0 2 0 23
7 17 0 0 13 0 0 0 0 0 2 14 0 0 0 0 0 16 0 3 0 0 0 1 24
0 0 0 11 0 7 0 0 0 2 0 18 0 25 0 24 17 0 0 0 15 6 0 0 0
0 0 9 0 16 24 0 23 0 0 0 0 0 0 3 0 0 0 0 0 0 4 0 25 0
0 0 14 13 0 0 8 19 17 18 0 0 24 0 22 1 0 0 0 23 0 25 0 4 0
0 0 6 0 0 25 0 0 0 11 0 10 0 0 0 0 0 0 0 12 0 15 16 20 0
0 24 23 22 10 0 0 13 1 5 0 0 18 0 17 0 0 0 8 15 2 0 0 0 0
0 11 0 0 0 0 0 0 0 16 0 0 6 13 0 0 0 0 0 0 0 5 3 0 1
21 0 0 5 17 0 0 0 2 7 23 0 20 14 0 0 0 0 10 4 0 0 0 19 0
0 4 0 0 19 0 25 0 3 24 0 17 0 0 11 6 12 23 18 0 0 22 21 9 0
0 10 0 0 0 0 22 0 0 0 12 0 3 0 0 21 0 0 13 0 16 8 0 0 20
18 23 0 0 9 10 4 2 0 17 0 0 5 1 0 20 0 0 0 19 0 0 0 0 13
0 2 11 0 0 12 0 0 0 0 18 23 0 20 0 7 0 0 0 16 0 0 0 6 19
14 0 0 0 21 0 18 0 13 6 7 0 0 0 0 0 9 22 15 0 12 0 25 0 10
