Q [*,*]
:    1    2    3    4    5    6    7    8    9    10   11   12   13   14   15 :=
1    19   32    1   20    9   31   12   35   30   24   36   14    7   27   11
2    15   21   27   22   18   30    5   20   28    7   13   10   24    8   32
3    16   35    2   25   23    5   27    6   29   31   18   26    4   12   21
4    29   24    4    6   26    8   11   33   21    1   17    3   19   35   13
5    11   34   28   17    3   10    2   15    4   25   19    8   16   14   30
6    33   14   36   12    7   13   32   23   16   22    9   34   28    1   17
7     1   22   33    2   30   28   24   25   15   10    5    9   18   23    7
8     5   20   24   27   13    6   16   34   26   12   14   23   22    2   29
9     3   31   18   10   12   11   29   27   22   35   21   28   34   32    4
10   17   36   21   34   32    4    6   11    7    8    3   19    1   25   26
11   14    7    9    8   15   19   31   36    1   17   32    2   20   10   28
12   35   23   25   26   29   16   20   13   18   33   30    4    6   19    9
13   23    8   35   19   16    3   25   12   27   13    1   30    2    5   18
14   18    2   34   29   31   32   33    7    3   11    4   16   23   13    6
15   27   13   20   15   14   17   21   32   24    2   26   36   12    7   25
16   36   30    5   28   24    1   22   18    9   20   31   17   14   15   10
17    6   12   22   11   33   25   10   19    5   29   23   15   36   21    8
18    9   26   10   21    4    7   34    8   35   14   28    6   31    3   20
19   28   19   26    5   35    9   18   24    8   27   15   12   10   31   14
20    4   17   32    7   22    2   35    1   13    3   20   11   21    9   33
21   24   10    3   16   25   23   14   31    2    5    7   33   15   29   36
22    8   33    6   36    1   21   30   16   23   19   22   25   26   34   27
23   30   15   31   18   27   34   26   29   17   36    6   32   11   16   12
24   12   29   14   13   11   20    4    9   10   28   34   21    8   18   35
25   22   11   19    9   36   35   28   30   25    4   27   18   33    6   31
26   25   28   12    3   21   15    1   14   20   34    2    7   29   26   19
27    7   16   30   33    6   26   13   21   32   23   24    5   35   20    1
28   20   27    8   23    5   18   36   17   12   15   10   22    3   30   16
29   32    1   13   31   10   14    9    3   11    6   35   29   17   36   24
30   34    4   17   24    2   29   19   26   33   16    8   31    5   22   15
31   21    5   23   35    8   12    7   10   34   32   33   24   27   17   22
32    2   18   29    4   28   36    8    5   14   30   16   27   13   11    3
33   31    6    7    1   20   24   15    2   19    9   25   35   32    4   23
34   13   25   11   32   17   27    3   22   31   26   12    1   30   28   34
35   10    3   15   30   34   22   23    4   36   21   11   20    9   33    2
36   26    9   16   14   19   33   17   28    6   18   29   13   25   24    5

:    16   17   18   19   20   21   22   23   24   25   26   27   28   29   30 :=
1    23   33   34    8   22   28   15    5   29    3   25   21    2   17   26
2     6    9   26   33    3   19   25   11    1   23   16   34   35    4   14
3     3   36   10   14   24   20    7   17   32   33    9   13   30   28   22
4     2   20   15   23   34   16   12    9   31   27   18    5   32   10   36
5     5   18   22    6   35   36   26   13   21   29    7   31   24    1   12
6    29   31   25    4   10   18   30   27    2    8   20   15   11    6   19
7    36   14   12   29   13   17   21   16   20   32    8   26    4   27    3
8    11   35   31   15    4    8   33   10   19   28   17    1   18    9   21
9    30    5   16   36    7    1   24   23   25   19   33   14    6   13   20
10   15   13   27    9   28   30   31   22    5   35   23    2   29   16   24
11   33   21   24   35   26    6   18    3   27   12   30   25    5   11   34
12   17    3    8   11   14   32   34    2   12    7   10   36   22   15   31
13    4   24   11   31   33   29   28   26   36   20    6   10   15   22   32
14   28   19   17   25   15   22   35   21   14   30   24    9    1   12    8
15    9   22   35   30    8   34   10    1   16    5    3   19   31   23   11
16   34   29   33   19   32   27    6    4   13   16   26   35   21    2    7
17   32   26    1   17   20    3    9    7   24   14   34   28   27   18    4
18   16   27   30   12    2    5   23   18   11   17   36   29   25   33   13
19    7   17   32   13    6    2    1   34   23   36   11   30   16   21   29
20   24    6    5   16   31   14   27   19   30   25   28   12   10    8   23
21   22    4   19   28   11   26   20   35    8    9   32   27   17   34   18
22   20    2   13    3   12    9    5   29   18   31    4   24   14   35   15
23   25   28   23    7   21   10   22   33    4    1   13    3   20   19    5
24    1   30    3   32   36   24   17   25   15    2   22   33    7   26    6
25   14    7    2   24    5   23    3   12   17   34   29   20   26   32    1
26   27   32    4   18   30   13    8   31    6   10    5   16   36   24   33
27    8   11   18   10    9    4   29   36   28   15    2   22   12    3   17
28   13   34   28    2   25   33   32   14   26   21   35   11   19   31    9
29   12   23   21   34   19    7   16   15   22    4   27   18    8   30   25
30   10   25    9    1   27   21   11   20   35    6   14   23   13    7   28
31   18   15    6   20   29   31   13   28    3   11    1    4    9   25   16
32   35    1    7   22   17   25   19   24   34   26   15   32   23   20   10
33   26   10   14   21   16   11   36   30   33   18   12   17    3   29   27
34   21   16   36    5   18   15    4    6    9   24   19    8   33   14    2
35   19    8   29   26    1   12   14   32    7   13   31    6   28    5   35
36   31   12   20   27   23   35    2    8   10   22   21    7   34   36   30

:    31   32   33   34   35   36    :=
1     6   13   18   10    4   16
2    17   36   29    2   12   31
3     8   34    1   19   11   15
4    14   30   22    7   28   25
5     9   23   33   32   27   20
6    21    5   35    3   26   24
7    19   11   31   34    6   35
8    30    7    3   25   32   36
9    26    2   17    9   15    8
10   20   10   12   14   33   18
11   29   16   13    4   23   22
12   27    1   24   28   21    5
13   34   17    7   21    9   14
14    5   26   27   20   36   10
15    4   18   28    6   29   33
16   23    3    8   11   25   12
17   35   31   30   16   13    2
18   22   24   15    1   19   32
19   33   20   25   22    3    4
20   18   15   26   36   34   29
21    1   21    6   12   30   13
22    7   32   11   17   10   28
23    2   35   14   24    8    9
24   16   19   23   31    5   27
25   15    8   10   13   16   21
26   11   22    9   35   17   23
27   31   25   34   27   14   19
28   24    6    4   29    7    1
29   28   33    2    5   20   26
30   32   12   36   30   18    3
31   36   14   19   26    2   30
32   12    9   21   33   31    6
33   13   28    5    8   22   34
34   10   29   20   23   35    7
35   25   27   16   18   24   17
36    3    4   32   15    1   11
;

