5
17 0 25 7 0 0 2 0 0 0 0 0 13 20 3 22 0 0 0 14 0 0 0 24 0
0 2 4 3 9 20 0 0 0 0 18 0 8 0 1 10 11 19 0 0 0 17 7 0 25
6 22 8 0 12 0 16 0 0 11 0 0 9 0 0 0 23 25 1 0 13 0 20 15 0
0 0 0 0 24 0 0 18 1 19 0 0 0 22 0 13 0 0 3 12 16 4 0 23 0
23 0 0 0 0 0 0 0 0 0 25 0 24 0 0 0 0 0 18 16 0 0 21 14 0
12 0 0 0 11 21 10 0 17 0 22 0 19 24 18 0 15 0 14 0 4 3 0 0 0
13 25 0 0 0 0 23 5 4 0 0 0 0 0 0 0 0 0 0 17 14 16 0 0 6
0 0 7 4 0 0 9 0 0 0 17 0 0 0 0 25 0 0 10 0 0 0 18 11 0
0 0 20 0 0 0 0 0 0 24 5 0 0 0 7 0 0 16 21 0 0 13 8 0 17
0 0 0 0 18 0 3 25 8 0 20 15 0 0 23 24 0 0 0 0 0 0 0 22 9
0 0 0 0 2 0 24 0 0 0 13 9 0 0 25 20 0 0 7 21 8 23 15 0 0
0 20 0 0 0 0 25 22 0 0 0 0 0 11 0 1 0 0 0 0 5 0 0 0 0
4 14 0 15 0 0 18 23 0 10 0 7 0 0 21 0 0 0 19 9 0 0 11 13 24
22 0 0 18 1 19 0 0 0 16 14 0 0 17 0 0 2 0 15 0 0 21 4 0 20
0 12 0 0 0 0 0 0 0 20 15 10 0 18 0 14 8 0 6 0 0 25 2 17 7
0 0 0 17 4 7 0 0 0 0 24 0 0 13 0 21 0 0 0 0 0 0 6 1 0
0 9 0 1 10 0 0 0 0 17 12 21 16 19 2 0 0 13 0 0 0 11 0 0 3
0 0 0 0 22 0 0 0 0 0 0 1 4 23 0 0 0 0 0 0 24 0 0 0 2
15 6 0 21 0 24 0 4 0 0 7 0 3 0 11 0 0 0 0 2 25 0 9 10 0
0 0 23 11 0 15 20 19 25 0 0 18 10 6 22 0 0 0 8 3 21 0 16 5 0
0 8 0 16 0 0 1 0 7 0 6 0 0 0 0 19 21 12 0 20 15 0 13 0 10
9 0 5 19 0 8 0 0 15 0 0 0 0 2 0 7 0 14 0 0 0 6 0 16 0
21 4 0 14 0 16 0 0 0 0 0 20 0 0 9 0 0 0 23 22 0 0 0 19 0
11 0 1 2 0 4 0 0 24 0 0 0 0 21 14 0 0 3 25 0 12 8 22 0 0
0 17 0 12 6 0 21 0 11 0 0 23 0 0 0 5 9 10 2 0 0 7 0 0 0
