  2  16  48  23  58  38  57  39   7  31  14  47  21  59  36  56   3  64  28  41  54   1  35  17  61  55  37  53  18  29  15  25  30  43  50   4  45  12  32  63  10  26  46   5   6  60  20  22  62   8  24  42   9  44  52  33  51  49  19  27  34  40  11  13 
 22  17  25  62  54  14  56  21   1  39  61  51   3  33  57   4   6  12  19  52  32  46  44  59  31  11  16  63  42  49  13  47  37  15   9   5   7   8  60  48  40  55  18  45  38  34  43  58  53  27  36  64  41  26  29  23  30  35  24  10  28  20  50   2 
 28  36  47  18  35  60  59  15  13  38  45   9  63  32  41  46  11  53  21  62  31  26  22   5  50   6   4  40   2  27   8  20  58  54  17  10  25  57  34  39   3  19  52  64  24  42  44  30  55  12  43  51  61  49  14  56  33  29  23  16  48  37   1   7 
 45  37  24  41  10  34  43  12  22  40  52  20  11   5  53  28   9   7  15  39   2  25  42  18  64  35  44  51  26  19  21  33  23  27  61  46  55   1  16   3  17  54  36  29  49  47  59  63   4  13  30  57  50  38  31  48  62   8  56  60  14   6  58  32 
  3  55  30  64   8  11   9   1  27  34  43  24  42  12  50   2  45  48  57  33  37  29  10  16  46  59  36  62  38  28  58  17  14  49   6  40  18  56  21  41  13  39  23  25  35   4  31  51  63  32   5  60  54   7  20  19  26  61  22  53  47  52  44  15 
 29  61  27  26  52  31   7  42  48  58  19  16  23  18  54  62  38   4  50  60  20  56  49  30  14   3  39  41  24  10  22   1  33  35  51  47  44  59  36  13  53  15   8  57  28   9   2  32  21  40  37  25   6  11  17  34   5  64  45  12  55  63  43  46 
 13  50  44  33   5   6  51  40  35  60  17  10  15  25  30  49  23  47  55  34  63  43   8  61   9  12  54  56  57  48   7  32  52  29  53  64  20  24  26  19  27  21  14  41  16  37  62  11  46  28  22   1  18  45   2  58  39  42  38  36  59  31   3   4 
 46  20  32  19   4  63  53  49  29   8  64  55   6  44  37  26  14  58  36  24  13  40  27  51  23  43  45  30  52  34  60   5  11  22  31  42   2  38  62  28   1  12  61  50  56   7  48  33  35  10  59   3  16  39  15  47  21  54   9  25  18  41  57  17 
 24  29   8  14  47  27  15  52  59  13  44  41  31  62  48   7  60  19  37  35  57  20  39  49   1  34   3  21   5  45  42  22  43  63   4  61  38  50   2  33  56  53  32   6  55  40  17   9  10  26  16  54  58  46  11  51  12  18  30  28  36  25  64  23 
 55  32  31  36  53   9  63  61  47  35  56  30  46   3  51  37  22  28   7  14  40  50  18  13  12  44  33  19  25  52  62  64  59  57  49  17  41  54  48  60   8  10  15  43  34  23  29  26  27   2   6  38  21  42  45   5  16  58  20  24   1  39   4  11 
 20   5   6  40  21  51  34  56  17  64   9  61  22  57  42  60  36   2  25  29  27   8  26  45  58  32  35  15  30  55  39  63  13  14   3  23  28  18  44  10   4  33  16  11  19  46  12   1  43  50  41  47  31  24  37  59  53  38  49  48  62   7  54  52 
 59  42  57  54  50  10  49  41  58   1  16   2  45  40  25  55  31  30  11  64   9  34   3  12  60  36  17  23  48  38  46  18  20  53  19  27  35  62   6  26  24  61  37  47  52  51  14  21  33   7  39  56   4  29  32  28  43  15   5  13  44  22   8  63 
  7  19  64  16  25  62  18  43  34   5  15  53   4  26  11  14  52  38  56  58   6  41  32  21  20  40  47  57  59   2  31  24  45  37  12   9  39  51  29   1  60  49  22  48  44  54  28  35  36  63  61  17  13  30  23   8  55  27  46   3  50  33  10  42 
 60  11  13   4  12   2  28  44  50  18  38  21  49  24  33  10   1  16   5  43  23  63  47  54  26  53   6  29  37  56  51  27  64  31  46  55  32  40  30   8  42   7  58  36  45  41  39   3  25  52  20  15  48  62  34  22  59  17  14   9  57  61  19  35 
 33  35  37  38   3  17  39  46  23  19  32  52   8  28  63  43   4  24  48  44  15  55  59  10   7  14  41  61  16  50  54   9  22  58  34  25  11  36  42  21  62  20  13  30  31  57   5  27  18  60  53  12  40  64   1  49  47   2  26   6  56  29  45  51 
 48   1  26  22  30  45  23  58  36  12  29  39  27  54  20   6  46  51  62  17  42  61  53  33  11  28  43  49  10   8   4  13   5  16  47  52  15   7  56  24  63  18  50  59   2  38  64  25  57   3  44  14  19   9  55  35  40  34  60  37  41  32  21  31 
 11  54  16  47  48  41  64  35  45  10  37  13  26  20   1  63  28   5  14  15   8  49  30  22  52   7  55  46  29  24   9  40  12   3  27  62  61  23  50  18  38  60  42  33  17  59  51   2  31  39  32  43  57  25   4  21  36   6  44  19  58  56  53  34 
 42  34   4  27  61  53  31  55  32  59  54  57  28  47  29  21  56   1  33  46   7  18   2   9  19  38  15  16  13  58  36  30  51  26  39  41  64   5  22  52  20  35  10   3  23  25  11  37   8  45  40  63  49  50  44   6  48  43  12  14  60  24  17  62 
 25  22  36  51   6  39  19  50  52  14  55  43  58  41  35  30  57  27  17  59  44  45  54   3  10  49   5  60  12  61  34   4  53  28  29  38  46  33  31  56  16   1  64  15  63  13  24  62  42  20  48   2  37  23   9   7  11  40   8  18  26  47  32  21 
 21   3  58  20  56  18  46  28  16  53   6  64  40  23   7   9  42  34  24  37  36  13  29  38  62  47  14  43  51   1  11  59  63  10  32  48   8  17  35   2  50  31  39  61  26  44  49   5  15  41  60  30  22  19  27  12  45  25  55  33   4  57  52  54 
 26   9  17  29  62  24  45   7   3  48  25  38  56   4   5  36  61  52  20   6  55  51  63  31  39  54  28  44  64  22  27  41  15  21  13  49  60  14  40  37  57  34  43  19  12   8  32  46  58  33  18  53   1  59  47  11   2  30  35  42  16  50  23  10 
 37  38  49  43  44  40  14  13  42  15  62  46  17  50   2  33  16  60  10  12  64  53  11  32  18   8  48   3  23  25  45  35  34  19   1  59  30  55   4  57  47   9  56  22  58  21   6  36   5  51  29  26  24  52  54  61  27  41  63  31  20  28   7  39 
 23  63  10  57  60   1  52  32  12  44  39  27  34   8  24  19  26  25  41  48  43  21  62  50   6  37  56  42  17  31  33   2   9  20   7  11  54  45  58  47  55  40   4  14  29  30  18  53   3  16  46  35  38  28  64  36  13  51  59  22  61   5  15  49 
 12  33   5   2  59  15   8  30  49  22  51  60  18  61  31  11  35  23  39  19  47   4  40  58  63  20  32  50  21  53  26  57   6  44  42  36  16  25  24  43  41  28  48   7  27  45  52  54  34  14  13  62  56  55  10  17  46  37  29   1   9  64  38   3 
  1  58  40  17  41   8  25  62  46  36  57  14  60  27  34  31  51  44  12  18  45  37  33  56  53  30  63  48  35  21  16   3  26  47  23   6  50  13   5  32  61  52  19   9  43   2  38   4  59  55  49  20  11  10  42  15  24  22   7  64  29  54  39  28 
 19  14  22  39  55  48  42  53  26  56  21   7  47   2  28  45  30   9   6   8  59  57  58  52  33   5  10  31  62  41  29  15  25  51  18  16  27  46  43  54  44  13  49  35  37  24  34  60  12  38  23  32  64  36  61   4   1   3  11  20  40  17  63  50 
 27  64  63  37  43  61  60  11  18  29   4   3  32  58   8  51  48  17  16  10  41  28  19  62  22  50  20  52   7  44  55  56  36  34  14  30  49  31  15  38  45  23   1  40   5  39  42  59   2  24  21  33  53  54   6  46  57   9  25  47  35  26  13  12 
 51  31  33   9  36  12  50  47  61  25  24   5  30  11  17  59  27  20  13  63   4  38  43  23  45   1  19   2  32  54  40  26  29  64  28  60  10  35  41  42  22  46  21  16  48  14  53  56  39  34  57   7   3  18  58  52   8  55  37  62  15  49   6  44 
 52  10  59  45   2  56   4  34  62  49   1  54  13  38  44  15  39  14  53   5  26  11  64  47  42  23  58  37  46  57  24  12  55  61  21   7  48   3  20  22  36  25   6  27  50  28  33   8  19   9  17  29  35  40  63  30  18  16  32  41  51  60  31  43 
 15  13   7   3  23  21   5  57  10  33  20  50  64  16   6  48  29  46  35  25   1  54  61  42  38  39  49  28   9  14  59  51  40   8  24  12  56  52  17  11  32  62  31  63  30  55  41  18  45  47  26  37  60  43  22  44  34  53  58   4   2  36  27  19 
 30  49  46  32  20  16   6  24  19  42  41  35  12   9  39  53   7   3  40  36  22  31  34  55   8   4  18  27  11  13  43  60  44  45  59  63  58   2  37  62  26  47  29  17  54  15  57  64  48  25  50   5  51   1  28  14  23  21  52  61  33  10  56  38 
 38  44  29  35  18  28  54  26  37  63  22  40  55  43  23  52  32  15   2  49  50  24  21  60  25  17  64  47  34  36  61   6  57   1  33  53   9  19  39   4  58  11  12  51   7   3  10  20  13  62  56  16  27  31   8  41  14  45  42   5  46  48  30  59 
 34  48  51   1  64  36  37  16  55  41  18  12  53  15  22  17  50  59   4  32  28  47  56  44  35  57  13  10  45  30  23  62  61   9  26   8  40  39  54  14   7  43   3  52  33  31  63   6  29  46  19  27   5  58  21  24  25  60   2  11  38  42  49  20 
 17  46  12   7  26  49  27  38  30   4  23  56  33  31  60  44  10  63  42  40  29   3  20  37  59  41  52  18  55  32  28  53  16  11   5  19  36   6  25  15   2   8  24  34  14  62  35  61  50  43   1  39  47  48  13  64   9  57  51  58  54  21  22  45 
  4  62  54  25  28  50  10  31  63   3  59   8  61   1  16  64  49  45  52  27  19   7  57  11  15  24  51   6  60  42  56  37   2  12  48  34  21  30  47  46  29  17  26  58  20  36  40  13  22  44  35  18  55  33  38   9  32   5  43  39  23  53  14  41 
 32  15  23  53  11  29  13  33  40  46  35  36   5  51  49  57  12  62  18  22  21  30  60   2  54  25  38  58   8  64   1   7  24  17  43  20   3   4  27  31  28  16  47  10  42  19   9  39  14  61  34  41  45   6  56  37  63  44  50  59  52  55  48  26 
 14  57  56   8  40  22   3  60  21  52  27  62   9  29  26  25  54  61  58  31  48  16  24  35  43  33  12  34  63  11   5  39  32  41  38  28  42  37  10   7  23  45  44  55   1  64   4  50  49  17  51  59   2  53  30  20   6  46  47  15  13  19  36  18 
  5  45  21  42   9  59   2   6  28  20  50  58  24   7  43  13   8  39  51  55  38  17  25  64  29  16  46  14  44  47  48  19  62  52  35  33  53  22  18  49  54  41  30  60  15  32  56  57  40  36  11  10  23  63  12  26  37   4  31  34   3   1  61  27 
 39  52  61  44  19  30  24  18  38  37  47  48   2  14  10  54  41   6  43  13  34   9  23  36  17  31  27  26  20   4   3  49   1  55  45  50  51  58  63  59  46   5  11  53  25  22  21  12  60  15  42   8  62  32  16  57  28  33  64  29   7  35  40  56 
 35  47  55  58  63  43  41  20  11   6  34  45  39  42  19  32  53  33   1  26  46  15   5  14  40  22  50  36  61   9   2  21  60  56  64  29  57  44  13  23  18  48  51  37  59  49  27  38  54  31  52  28   7   4  25   3  10  24  62  30  17   8  12  16 
 49  60   1  52  51  35  26   2  31  27  63  25  43  45  61  23  33  40  64  20  30  42   9   4  57  29  59  22  15  16  38   8  54  18  37  13  12  11   3   5  39  50   7  32  36  56  19  44  28  58  55  24  46  47  41  62  17  48  10  21  53  14  34   6 
 53   8  50  21  13  25  62  17   9  26  58   6  37  39  38  18  43  56  59  47  61  36  28   7  34  10  60  32   4  51  64  23  46  24  41  14  19  29  52  35   5  30  63  42  40  48  55  49   1  57  12  11  44  27  33  31  15  20  54   2  45   3  16  22 
 64  39  11   5  34  58  12  45  41  28  33  32  19  21  56  16  15  22  29   2  35  60  31  46  49   9  25  55  47  43  50  54  48  36  62   1  26  63  38  27  14  59  57  18  10   6   8  23  20  37   3  52  42  17   7  53  44  13  61  40  24   4  51  30 
 31  23  15  30  46  19  55  14  51  62  60  17  48  49  52  40  13  41   3  50  10  27  37  34  56  26  61  45  36  39  18  42  21   2  20  57  47   9  28  44  11  64  54   1  53  16  58  24  32   6  25   4   8  22  43  29  35  63  33   7  12  38  59   5 
 56  59  42  48  33  54  47  29  44  55  12  11  14  36  15  24  62  57  49  51  52   5   6  63  13  27  31   7  19   3  53  46  10  60  16  43  22  32  45  17   9  37  25   2   4  20  61  28  30  18  38  21  34  35  40  39  64  26   1  50   8  23  41  58 
 57   7  28  10  32  20  44   3   2  54   5   4  50  35  46   8  19  11  26  21  16  39  38  53  24  62   1  33  40  17  63  58  49  23  55  51   6  15  64  30  52  27  41  31  22  12  13  34   9  59  14  61  36  60  48  45  29  47  18  56  42  43  25  37 
 41   6  43  24  16  37  36  27  64   7  42  22  57  34  59  47  25  18  45  54  58  32  12   1  30  48  21  35  14   5  20  44  50  40  56  39   4  61   8  53  33  38  17  62   3  29  26  15  51  23  63  49  10   2  19  13  60  52  28  55  31  11  46   9 
  9  40  18  61  38   4  22  63  20  30   3  29  10  53  13   1  24  55  44  23  14  48  17   8   2  52  11  12  41   6  37  28   7  42  58  31  59  34  33  25  43  51  60  21  46  35  47  45  56  64  54  50  15   5  26  16  49  19  57  32  39  27  62  36 
  8  27  19  11  31  13   1  54   5  17  53  63  29  55  12  22  18  21   9   7  60   6   4  15  37  45  23  24  28  33  57  14  41  32  30  26  52  10  51  34  59   3  35  49  39  61  46  40  38  56  64  36  25  16  50   2  20  62  48  44  43  58  42  47 
 44  41  14   6  17  26  20  25  15   9   2  19  36  64  32  58  47  43  34  45  56  23  50  29  55  61  42  54  39  59  10  38  31  46  60  22  62  16  57  40  21  63   5  12  13  53   1  52  24  35  27  48  30  37   3  18   7  28   4  49  11  51  33   8 
 58  43  53  28  57  52  29  48   8  50  26  31  62  37  14   3   2  42  32  30  25  10  41  39   5  46   7  64  56  15  35  11  47  38  63  21  17  49  12   9  51  44  34  23  18  33  22  16  61   4  45  55  59  20  60  40  19  36  27  54   6  13  24   1 
 61  21  45  60  49  32  35   5  25  43  46  42  59  30   4  41  44  37  38   3  33  52  51  20  36   2  22  13  27  26   6  16  19  48   8  24  23  28  53  50  64  14   9  56  47  10  15  17  11  54   7  58  39  34  62   1  31  12  40  57  63  18  55  29 
 36   2  34  63  15  64  33  51  24  16  11  23  35  10  21  61  40  13  46  53  17  59   1  27   3  18   8  20  58  62  25  31  56   4  54  44  43  42   7  55   6  29  45  38  57  50  30  48  26   5  47  19  28  12  49  32  41  14  39  52  22   9  37  60 
 16  56  39  50  42  47  40  10   6  57  13  28   7  52  18  20  55  31  61  11  49  12  36  26  48  51  53   4   1  60  41  43   3   5   2  45  33  64  59  29  37  32  27  24  62  58  54  19  44  22  15   9  14   8  46  63  38  23  21  17  30  34  35  25 
 62  12   3  55  24  46  30  37  56  47  49   1  38  60  27  39  58  54  22  57   5  64  48  19  32  63  34   9  50  40  44  52  35  25  11  18  13  20  14  36  31   2  28   4   8  43   7  41   6  29  33  23  17  21  51  42  61  59  16  45  10  15  26  53 
 18   4   9  59  22   7  38  23  54  51  40  33  44  48  45  34  63  35   8  28  62  14  16  24  47  21  30  17  49  12  19  29  39   6  15  37   1  27  61  58  25  36  55  20  11  26  60  42  41  53  10  31  52  13  57  43  56  50   3  46  32   2   5  64 
 47  30  20  15  29  44  11  22  57  61   7  37  16  63  40  27  21  49  23   9  18  62  52  25  28  13  26  59  53  35  14  10  38  39  36   3  31  43  46  51  19  58  33  54  41   5  45  55  17  42   2   6  32  56  24  50   4   1  34   8  64  12  60  48 
 50  18  41  12   7  42  17  59  14  45  36  49  25  13   9  38  20  10  60  56  11  58  15   6  51  64   2   1  31  23  32  55   4  30  40  54  24  48  19  16  34  57  62   8  61  52  37  43  47  21  28  44  63   3  35  27  22  39  53  26   5  46  29  33 
 10  24  38  56  37  57  48   4  53  23   8  18  51  22   3  29  59  32  54  42  12  35  14  41  27  19   9  39  43  20  17  34  28   7  52  58   5  60   1  45  15   6  40  26  21  11  16  47  64  30  62  46  33  61  36  25  50  31  13  63  49  44   2  55 
 63  28  35  13  27  33  32  64  60  11  30  26  54  46  58  12  37   8  47   4  53  19  45  48  21  56  29   5  22  18  52  61  42  62  44  15  14  41  55   6  49  24   2  39   9  17  50  10  23   1  31  34  43  57  59  38   3   7  36  51  25  16  20  40 
  6  25   2  31  39  55  58  36  43  21  10  34  20  17  47   5  64  26  30   1   3  44  13  57  16  42  40  11  33   7  12  50   8  59  22  32  63  53  49  61  48   4  38  46  51  27  23  14  52  19   9  45  29  41  18  60  54  56  15  35  37  62  28  24 
 40  51  62  46  14  23  61  19   4  32  48  59  41  56  55  50   5  29  27  16  39   2   7  28  44  58  24  38   3  63  49  45  17  33  25  35  34  47   9  64  12  42  20  13  60   1  36  31  37  11   8  22  26  15  53  54  52  10   6  43  21  30  18  57 
 43  53  60  34   1   5  21   8  33  24  31  44  52   6  62  35  17  36  63  38  51  22  46  40   4  15  57  25  54  37  47  48  27  50  10   2  29  26  11  12  30  56  59  28  64  18   3   7  16  49  58  13  20  14  39  55  42  32  41  23  19  45   9  61 
 54  26  52  49  45   3  16   9  39   2  28  15   1  19  64  42  34  50  31  61  24  33  55  43  41  60  62   8   6  46  30  36  18  13  57  56  37  21  23  20  35  22  53  44  32  63  25  29   7  48   4  40  12  51   5  10  58  11  17  38  27  59  47  14 
