6
19 0 1 0 0 31 0 35 30 24 36 14 7 27 11 0 33 0 0 22 0 15 5 0 3 25 0 2 0 26 6 0 18 10 0 16
15 0 0 0 0 0 5 20 0 0 13 10 24 8 32 0 0 0 0 3 0 0 0 1 0 16 34 0 4 0 17 0 0 0 0 31
0 35 2 25 0 5 27 6 0 0 0 26 0 0 0 3 0 10 0 0 0 7 17 0 33 0 0 0 28 22 0 0 0 19 0 15
29 24 0 6 26 8 11 33 0 0 0 0 0 35 13 0 0 0 23 0 0 0 0 0 0 18 0 32 10 0 0 30 0 0 0 25
11 34 28 0 0 0 0 0 0 25 19 0 16 14 0 5 18 0 6 0 36 26 0 21 29 0 0 0 1 0 0 23 0 0 0 20
33 0 36 12 7 0 32 0 16 0 0 34 28 1 0 29 31 0 0 10 18 0 0 2 0 20 0 11 0 0 21 0 35 3 0 24
1 22 0 2 30 28 0 25 0 10 0 9 0 0 0 0 0 0 29 0 0 21 16 20 0 0 26 4 0 0 19 11 31 0 0 0
5 0 0 27 0 0 0 34 0 12 0 23 22 0 0 0 0 31 15 0 8 33 0 0 28 0 0 18 0 21 30 0 3 25 0 0
0 0 18 10 0 0 29 27 0 0 0 28 0 0 0 0 0 0 36 7 1 0 0 0 19 0 0 0 13 0 0 2 17 0 0 0
0 36 21 0 0 4 6 0 7 8 0 0 0 25 26 15 13 0 0 28 30 0 22 0 0 0 0 0 0 0 0 0 12 14 0 18
0 0 0 0 15 19 31 36 0 17 0 0 20 10 28 0 21 24 35 0 0 0 3 0 0 30 25 5 11 0 29 16 13 4 23 0
35 23 0 0 0 0 0 0 18 0 30 0 6 0 9 17 3 8 11 14 32 0 0 12 0 10 0 0 15 0 27 1 0 0 0 0
23 8 35 0 0 3 0 0 0 0 1 30 2 0 0 0 24 11 0 33 0 28 26 0 20 0 10 15 22 32 0 0 0 0 9 14
18 2 34 29 31 0 33 0 3 0 0 16 23 0 6 0 19 17 25 15 0 35 21 0 0 0 0 1 0 8 5 0 27 0 0 0
0 13 20 15 14 0 0 0 0 2 26 0 0 0 25 0 0 35 0 8 34 0 0 16 5 0 0 31 0 0 0 18 0 0 0 33
0 30 0 0 24 0 22 0 0 0 31 17 0 0 10 34 0 33 19 0 27 0 4 13 16 26 0 0 0 7 0 0 0 11 25 12
6 12 22 11 33 0 0 19 0 0 23 0 36 21 8 32 0 0 17 20 3 9 7 0 14 0 28 0 0 4 0 0 0 0 0 0
0 0 0 0 0 0 0 8 0 0 0 6 0 3 0 16 27 30 12 0 5 23 0 11 17 36 0 0 33 0 0 24 0 0 19 32
0 0 0 5 0 9 18 0 0 0 0 0 0 31 14 0 0 0 0 0 0 1 0 23 0 11 30 0 0 29 33 20 0 0 3 0
4 17 32 0 0 0 0 0 13 3 20 0 21 9 0 24 0 0 16 31 0 0 19 30 25 0 12 10 0 0 0 0 26 36 34 0
0 0 3 0 0 23 14 0 2 0 7 33 0 0 36 0 0 19 28 0 0 20 0 8 9 0 0 0 34 0 0 21 6 0 0 0
8 33 0 36 0 21 0 16 23 19 22 25 0 34 27 20 2 13 0 12 0 0 0 18 31 0 24 0 0 0 0 32 0 17 0 28
0 0 31 18 0 0 26 0 17 0 0 32 0 0 0 25 0 0 7 21 10 22 33 4 1 13 0 0 0 5 2 0 0 24 0 0
0 29 0 13 11 0 4 9 10 28 0 0 8 0 35 1 30 0 0 0 24 17 25 0 0 22 0 7 26 6 16 19 0 0 5 0
0 0 19 9 0 35 28 0 0 0 27 18 0 0 0 0 7 2 24 0 0 0 0 0 34 0 20 0 0 1 0 0 10 0 16 0
0 28 12 3 0 15 0 14 0 0 0 7 0 26 0 27 0 4 18 0 13 0 31 6 0 5 16 36 24 0 0 0 0 0 0 23
0 0 30 0 6 0 13 21 0 23 24 5 0 0 1 0 0 0 10 9 0 29 0 0 15 2 22 12 3 17 0 0 34 0 0 0
20 0 0 0 5 0 0 0 0 0 10 22 0 0 16 13 34 0 2 25 33 32 14 26 21 0 11 0 0 0 0 0 0 29 7 1
32 0 13 31 10 0 9 3 11 0 35 29 0 0 0 12 0 0 34 0 0 0 0 0 0 0 0 0 0 0 0 0 0 5 20 0
0 4 17 24 2 29 0 0 0 0 8 0 5 22 0 0 25 0 0 0 0 11 20 0 0 14 0 0 7 28 0 12 36 30 18 0
21 0 23 35 0 0 7 0 34 0 0 0 27 17 22 18 15 0 20 29 0 13 0 3 11 0 0 9 0 16 0 14 0 0 0 30
0 18 0 4 28 0 0 5 14 0 16 0 0 0 0 0 0 7 0 17 0 19 24 34 0 15 32 23 20 0 12 9 21 33 31 0
0 6 0 0 0 24 15 2 0 0 25 35 32 0 23 0 0 0 21 0 11 36 30 33 18 0 17 3 29 27 13 0 0 0 0 34
0 0 11 32 0 0 3 22 0 26 0 1 30 0 34 0 16 0 5 18 0 0 0 0 24 19 8 0 14 0 10 0 20 0 0 0
10 0 15 30 0 22 0 4 0 0 0 0 0 33 0 19 0 0 0 1 12 14 32 7 0 31 6 0 0 0 0 0 0 0 0 0
26 9 0 0 0 0 0 0 0 18 29 0 0 0 5 0 0 20 0 23 35 0 0 0 22 21 0 0 0 0 0 0 0 0 0 0