5
5 0 0 21 0 0 0 0 24 0 13 14 0 0 15 0 25 20 1 2 0 0 0 0 12
18 1 10 0 25 0 0 16 0 0 17 22 0 0 2 23 0 0 0 0 14 4 0 15 0
0 0 9 7 0 0 25 15 8 0 4 19 0 0 12 0 0 3 0 0 0 11 0 23 0
0 0 0 0 22 0 5 4 0 9 0 0 23 3 0 7 10 12 0 0 0 0 0 2 0
2 6 0 23 0 0 0 17 11 3 25 1 0 0 8 0 24 0 18 0 0 0 0 0 5
0 11 0 20 0 0 0 0 16 0 22 25 19 24 0 4 5 14 0 0 0 7 18 21 0
0 0 0 19 1 0 14 0 0 0 0 20 0 0 21 6 0 18 0 0 0 0 10 0 0
7 9 18 0 15 0 0 0 21 4 0 13 3 14 10 16 0 0 0 0 0 20 8 0 0
0 12 14 0 13 25 0 2 23 0 0 0 0 8 0 0 0 21 19 0 17 16 0 1 15
4 0 0 16 0 0 0 0 0 0 0 15 0 0 18 0 17 7 0 0 25 0 0 24 22
0 0 0 0 7 0 9 1 0 0 0 0 0 21 17 3 23 0 0 0 0 0 24 11 0
0 0 0 8 0 0 21 14 3 0 10 16 0 0 0 0 0 0 20 11 0 22 12 0 0
16 0 21 0 0 5 0 7 20 0 0 0 0 0 0 0 0 8 0 24 9 17 0 0 0
0 0 0 0 0 0 0 8 12 0 0 3 2 11 20 0 9 0 0 0 0 23 15 0 0
0 23 0 0 0 0 0 0 0 16 0 5 0 13 0 17 21 6 0 0 2 1 25 7 14
0 16 13 0 24 0 0 0 0 5 0 0 17 1 7 0 18 22 0 23 19 0 0 3 0
0 4 12 0 0 0 0 0 19 0 6 0 0 0 0 0 20 0 0 0 0 0 0 25 18
1 14 22 17 21 0 12 6 25 0 16 0 11 19 0 10 0 5 24 0 0 0 0 0 0
0 0 0 0 0 15 4 22 7 0 0 0 0 18 0 14 0 0 2 0 5 13 17 0 11
0 7 0 0 11 3 8 13 0 0 2 0 0 25 0 9 0 0 0 17 0 10 21 0 0
23 0 1 0 0 0 19 0 0 0 0 0 0 0 0 0 6 0 0 13 0 0 0 18 20
0 0 0 0 0 9 15 0 4 0 0 0 25 0 23 5 2 0 0 0 7 8 19 12 16
0 13 0 0 2 20 16 25 0 12 0 0 8 0 0 19 14 10 7 0 15 0 0 0 0
25 0 3 11 0 0 24 0 0 14 0 7 0 0 0 12 16 4 9 0 0 2 0 17 13
0 10 0 0 0 0 0 0 22 2 0 0 0 0 0 11 0 0 0 0 1 24 3 4 0
