Q [*,*]
:    1    2    3    4    5    6    7    8    9    10   11   12   13   14   15 :=
1    21   23    2   15   12    6   20    3   11   16   18   24    7   13    9
2    13    9   18   22   10    8    2    5   14    4    1   15   25   19   17
3    16   14    3   25    4    9    7   22   17   13    5   11    6    8   21
4     1    5   24    8   17   19   23   15   12   18   20   16    4   10    3
5    11    7   19   20    6   21   24   25    1   10   23    2   12   22   14
6     8   22   12   14   18    1   15   20   23   17   24    4    2    6   19
7    17    4    7   19    5    3   18   11    6    8   16   14    9    1   12
8    23   16    9    3   11   12   22   19   24   25    8   10   15   21   13
9    24   10   13   21    1    5    4    7    9    2   17   25   20   18   23
10   15    2   25    6   20   14   16   10   13   21    3    5   22    7   11
11    5   25   11   13    7    4    1   21   18   14   12    8   23    9   20
12   10   17   16    4   15   11   19    2   22   12    7    6   14    5   24
13   14    3   21    2   22   24   10   13    8    9   25    1   18   17   15
14    6   24   20    9   19   17    5   23    3   15    2   21   16   11   22
15   12   18   23    1    8   16   25    6    7   20    4   13   19    3   10
16    2    1   10   17    9   22    6   16   21   24   14   19    5   20    7
17    4   21    6   11    3   15   17   12   19   23    9   18    8    2   25
18   25   12   22    7   23   10    8   14   20   11   13    3    1   24    4
19   18   20    8    5   24   13    9    1   25    7   11   12   21   15   16
20   19   15   14   16   13   18    3    4    2    5   10   22   17   23    6
21   20    8    1   12    2   25   14   24    4   22    6    9   13   16   18
22   22   13   17   18   21   20   11    8   15    6   19    7   10    4    5
23    9    6    4   24   16   23   12   18   10   19   15   20    3   25    2
24    3   11   15   10   14    7   13   17    5    1   21   23   24   12    8
25    7   19    5   23   25    2   21    9   16    3   22   17   11   14    1

:    16   17   18   19   20   21   22   23   24   25    :=
1     5    4   17    1   25   14   19   10   22    8
2     3   11   24   23   21    6   20    7   12   16
3    19   12   10    2   20    1   18   24   15   23
4     9    6   22   14    7   21    2   13   25   11
5     8   16   18   13   15    5   17    9    3    4
6     7    5   25   16   11   10    9    3   13   21
7    13   21   15   10    2   25   22   23   24   20
8    17   20    6   18   14    7    5    2    4    1
9    22    8   19   12    3   11    6   15   16   14
10    1   24    4    9   23   17    8   12   18   19
11    2   15    3   22   17   24   10   16   19    6
12   25   18    1   20   13   23    3   21    8    9
13   11   23   16   19    6   20    7    4    5   12
14   10    7   12    8    4   18    1   25   14   13
15   24    9   14   21    5    2   11   22   17   15
16   12   13   23   15   18    3    4    8   11   25
17   16   14    7   24    1   22   13    5   20   10
18    6   19    5   17    9   16   15   18   21    2
19    4   22    2    3   10   19   14    6   23   17
20   20   25   21   11    8    9   12    1    7   24
21   21    3   11    5   19   15   23   17   10    7
22   23    1    9   25   24   12   16   14    2    3
23   14   17   13    7   22    8   21   11    1    5
24   18    2   20    6   16    4   25   19    9   22
25   15   10    8    4   12   13   24   20    6   18
;

