  9  10  15  14   7   5  12  16  13   1   3   8   2  11   6   4 
  4   5   2   3  10  15  13   6   9  14  11  16   7   1  12   8 
  8   7  11   1   3   2   4   9  12   5   6  15  13  16  10  14 
 16  13  12   6  11   1  14   8  10   4   7   2   5   9   3  15 
 12  15   3  10   5   9   8  13   6   2  16   4  11  14   7   1 
  1   9  14   2  16   7   3  12   5  11  15  10   8  13   4   6 
  5  16  13   7   4   6  11   2   1   8  12  14  10  15   9   3 
 11   8   6   4  15  10   1  14   3   7  13   9  16   2   5  12 
 14   6  16  12   8   4  15  10  11   9   5   7   1   3   2  13 
 13   1   9  11   2  12   6   5   8  10   4   3  14   7  15  16 
  7   2   4  15  14  11   9   3  16  13   1   6  12   5   8  10 
 10   3   8   5   1  13  16   7  14  15   2  12   6   4  11   9 
 15  12  10  13   6  14   2   1   7   3   9  11   4   8  16   5 
  6   4   5   8  12   3   7  11  15  16  14  13   9  10   1   2 
  2  11   1   9  13  16  10  15   4  12   8   5   3   6  14   7 
  3  14   7  16   9   8   5   4   2   6  10   1  15  12  13  11 
