# |V| = 38
# |E| = 453
# Prob((i,j)) = 0.600000

set V:=
1
2
3
4
5
6
7
8
9
10
11
12
13
14
15
16
17
18
19
20
21
22
23
24
25
26
27
28
29
30
31
32
33
34
35
36
37
38
;
param: E: w :=
1 2 43
1 3 51
1 4 50
1 5 75
1 6 44
1 7 71
1 8 88
1 9 94
1 10 88
1 11 81
1 12 24
1 13 75
1 14 62
1 15 49
1 16 47
1 17 24
1 18 12
1 19 66
1 20 19
1 21 51
1 22 77
1 23 17
1 24 43
1 25 28
1 26 51
1 27 59
1 28 13
1 29 96
1 30 56
1 31 41
1 32 16
1 33 67
1 34 2
1 35 12
1 36 92
1 37 11
1 38 26
2 3 60
2 4 19
2 5 85
2 7 19
2 10 12
2 11 32
2 12 7
2 14 61
2 15 48
2 16 67
2 17 52
2 18 9
2 20 49
2 21 94
2 22 78
2 23 12
2 25 68
2 28 85
2 29 20
2 32 33
2 33 55
2 35 47
2 38 93
3 4 81
3 5 75
3 6 61
3 7 50
3 9 48
3 10 1
3 11 34
3 12 53
3 13 78
3 14 95
3 16 69
3 17 81
3 18 30
3 19 87
3 20 15
3 21 78
3 22 100
3 27 57
3 29 94
3 31 92
3 34 79
3 35 10
3 36 42
3 37 56
3 38 72
4 5 23
4 7 99
4 8 90
4 9 50
4 10 42
4 11 36
4 13 64
4 15 32
4 18 82
4 19 95
4 22 39
4 23 92
4 24 2
4 25 27
4 26 3
4 27 87
4 29 78
4 30 88
4 31 87
4 32 80
4 33 59
4 34 5
4 36 80
4 38 2
5 7 71
5 8 69
5 10 1
5 11 57
5 12 21
5 15 79
5 17 12
5 21 75
5 24 58
5 25 62
5 26 34
5 28 52
5 31 20
5 32 13
5 33 99
5 37 32
5 38 47
6 11 59
6 14 86
6 15 44
6 16 42
6 17 52
6 19 35
6 20 8
6 22 87
6 23 28
6 25 60
6 26 53
6 28 93
6 29 67
6 30 38
6 31 60
6 32 72
6 33 35
6 37 24
7 8 76
7 9 52
7 12 17
7 14 100
7 15 30
7 18 27
7 19 52
7 20 47
7 21 36
7 22 97
7 25 34
7 28 90
7 29 71
7 30 7
7 32 46
7 33 14
7 37 28
8 9 60
8 10 27
8 11 95
8 12 48
8 14 93
8 15 51
8 17 43
8 18 6
8 21 77
8 22 71
8 23 73
8 25 29
8 26 58
8 27 72
8 28 90
8 30 16
8 32 32
8 33 86
8 35 54
9 10 38
9 13 89
9 14 89
9 15 31
9 18 99
9 20 48
9 21 31
9 22 2
9 23 64
9 24 42
9 26 64
9 27 77
9 28 22
9 29 8
9 30 98
9 31 95
9 32 100
9 33 37
9 36 52
9 37 76
10 12 19
10 13 53
10 17 82
10 19 58
10 21 60
10 22 17
10 25 66
10 27 91
10 29 60
10 30 76
10 32 6
10 33 1
10 35 36
10 36 82
10 37 92
11 12 98
11 14 51
11 17 62
11 18 57
11 19 26
11 20 70
11 21 65
11 23 96
11 28 73
11 29 40
11 30 61
11 33 40
11 35 69
11 36 14
12 13 42
12 14 3
12 16 67
12 18 49
12 19 41
12 20 41
12 23 64
12 24 16
12 25 51
12 26 71
12 30 74
12 31 86
12 32 83
12 34 40
12 35 89
12 36 14
12 37 91
12 38 10
13 14 66
13 15 24
13 17 41
13 18 37
13 21 36
13 22 74
13 24 87
13 25 73
13 26 63
13 29 41
13 31 59
13 33 8
13 34 3
13 35 56
13 36 55
14 15 95
14 16 43
14 17 12
14 18 24
14 19 87
14 21 69
14 23 85
14 26 77
14 27 47
14 28 31
14 30 39
14 31 74
14 32 7
14 33 73
14 36 88
14 37 27
14 38 62
15 16 91
15 17 10
15 18 50
15 19 26
15 21 34
15 25 4
15 27 27
15 29 48
15 31 83
15 32 27
15 33 67
15 34 11
15 35 21
15 36 8
15 38 22
16 17 78
16 18 26
16 20 79
16 21 24
16 22 97
16 24 7
16 26 42
16 27 15
16 30 73
16 31 95
16 33 55
16 34 53
16 35 59
16 36 30
16 37 89
16 38 80
17 19 42
17 22 30
17 24 93
17 26 69
17 27 20
17 28 70
17 30 67
17 32 56
17 33 79
17 34 25
17 35 21
17 38 18
18 19 38
18 22 70
18 23 68
18 24 12
18 25 82
18 26 22
18 28 31
18 30 34
18 32 43
18 33 77
18 34 79
18 37 63
18 38 73
19 20 14
19 22 13
19 23 39
19 25 66
19 26 90
19 28 37
19 30 88
19 31 2
19 34 8
19 36 47
19 38 38
20 21 88
20 22 47
20 23 70
20 24 33
20 25 87
20 28 75
20 29 75
20 33 21
20 34 58
20 36 81
20 37 61
21 24 83
21 25 92
21 26 68
21 29 13
21 33 64
21 34 15
21 35 12
21 36 45
21 38 98
22 23 80
22 24 62
22 25 75
22 28 11
22 29 85
22 30 3
22 31 71
22 32 51
22 33 17
22 35 46
22 36 64
22 37 90
22 38 87
23 24 46
23 25 33
23 28 5
23 30 7
23 31 31
23 34 100
23 35 52
23 36 16
23 38 62
24 26 64
24 27 62
24 28 36
24 29 44
24 30 15
24 32 77
24 35 74
24 36 45
24 37 1
24 38 43
25 26 54
25 27 10
25 28 79
25 29 11
25 30 99
25 31 91
25 33 36
25 34 20
25 36 95
25 37 3
26 29 19
26 30 74
26 32 70
26 36 8
27 29 57
27 31 66
27 32 75
27 33 64
27 36 94
27 37 53
28 30 2
28 32 59
28 33 61
28 34 53
28 36 26
28 38 82
29 30 68
29 32 30
29 33 63
29 34 81
29 35 1
29 36 67
30 31 1
30 32 96
30 34 23
30 35 78
30 36 85
30 38 95
31 32 69
31 33 8
31 34 21
31 35 84
31 38 92
32 34 87
32 35 36
32 36 38
32 37 34
32 38 48
33 34 8
33 35 69
33 36 94
33 37 81
34 35 53
35 36 79
36 37 48
;
