4
10 0  0  0  7  0  0  0  0  4  0  16 0  0  6  0
0  0  0  1  9  12 0  0  11 6  0  0  15 0  16 0
16 0  0  0  6  0  1  0  0  0  0  2  0  0  13 0
0  15 0  3  2  0  0  4  0  0  13 0  7  0  0  0
4  13 0  0  0  16 2  9  0  3  0  0  12 0  0  0
0  0  0  0  0  0  0  0  0  0  0  5  0  0  0  0
0  2  0  0  14 0  0  0  0  0  16 9  0  0  10 7
0  0  10 8  13 0  12 5  14 0  0  0  0  1  4  0
0  0  0  5  0  6  0  0  0  0  0  14 0  4  3  0
0  6  0  0  0  0  13 0  5  0  0  10 9  0  0  2
14 0  0  0  0  15 9  12 0  0  1  0  16 0  0  5
0  11 0  0  8  0  0  0  0  12 0  13 14 7  0  0
0  0  7  0  0  14 0  2  4  0  6  0  3  0  15 0
0  1  13 15 0  0  8  7  0  0  2  11 10 0  0  4
8  0  0  14 0  0  6  16 7  0  0  1  13 0  0  0
0  10 0  0  11 0  0  0  0  16 0  3  0  0  0  0