5
0 0 2 0 0 6 20 0 0 0 18 24 7 0 0 0 0 0 0 0 14 0 0 22 0
13 0 0 22 0 0 2 5 14 4 1 15 0 0 0 0 0 0 23 21 0 20 7 0 0
16 14 3 25 4 0 0 22 0 13 0 11 0 8 21 0 0 10 0 0 0 0 0 0 0
0 5 0 8 17 19 0 0 0 0 20 16 0 0 0 9 6 0 14 7 0 2 13 0 0
0 0 0 0 0 0 0 0 0 10 0 0 12 0 0 8 16 18 13 15 0 17 0 3 4
8 0 0 0 18 0 15 20 0 0 0 0 2 6 19 0 5 0 0 0 0 0 0 0 21
0 4 7 19 0 0 0 11 0 0 0 14 9 0 0 0 0 15 10 0 25 22 23 24 0
0 16 0 0 0 0 22 19 24 25 0 0 15 0 13 17 0 6 0 14 7 0 0 4 1
0 10 0 21 1 5 0 0 0 0 17 0 20 0 23 0 8 0 0 0 0 0 0 16 0
15 0 25 0 20 14 16 0 0 0 0 5 0 0 11 0 24 4 0 0 0 8 12 18 0
0 0 11 13 0 4 0 21 0 0 12 8 23 0 20 2 15 0 0 0 0 10 0 0 0
0 0 0 4 0 11 19 0 0 12 0 0 0 5 24 0 0 1 20 13 23 3 0 8 9
14 0 0 2 0 0 0 0 0 9 0 0 0 0 0 11 0 16 0 6 20 0 0 5 0
0 0 0 0 19 0 0 23 3 0 2 21 0 0 22 0 7 0 8 0 0 1 25 0 13
0 0 23 1 0 0 0 0 7 20 0 0 19 3 0 0 0 0 0 0 0 11 0 17 15
0 0 10 0 0 22 0 16 0 24 14 19 5 0 0 12 0 0 0 0 0 0 8 0 25
0 21 6 0 3 15 0 12 0 0 0 18 0 2 25 16 0 0 0 0 0 0 0 0 0
0 0 22 7 23 10 0 0 20 0 13 0 0 24 0 0 0 5 0 9 0 15 18 0 0
18 0 8 5 24 0 0 0 25 7 0 0 0 15 0 4 0 2 0 0 0 14 6 23 17
19 0 14 0 0 18 3 0 0 0 10 0 17 0 0 20 0 0 0 0 9 0 1 7 24
20 0 1 0 2 25 14 24 0 0 0 0 13 0 0 0 0 11 5 19 15 0 0 0 7
0 0 0 0 0 0 0 0 0 0 0 7 10 4 0 23 0 9 0 24 12 0 0 0 0
9 0 0 0 16 0 12 18 10 0 0 0 0 25 2 14 17 0 7 0 8 21 0 0 5
3 11 15 0 0 7 13 0 0 1 21 0 0 12 0 0 0 0 6 0 4 0 0 0 22
0 0 0 0 0 0 0 0 0 3 22 0 11 0 0 0 10 0 4 12 13 0 20 6 0