20 2
1  2  1  2  1  2  1  2  1  2  1  2  1  2  1  2  1  2  1  2
2  1  2  1  2  1  2  1  2  1  2  1  2  1  2  1  2  1  2  1
1  2  1  2  1  2  1  2  1  2  1  2  1  2  1  2  1  2  1  2
2  1  2  1  2  1  2  1  2  1  2  1  2  1  2  1  2  1  2  1
1  2  1  2  1  2  1  2  1  2  1  2  1  2  1  2  1  2  1  2
2  1  2  1  2  1  2  1  2  1  2  1  2  1  2  1  2  1  2  1
1  2  1  2  1  2  1  2  1  2  1  2  1  2  1  2  1  2  1  2
2  1  2  1  2  1  2  1  2  1  2  1  2  1  2  1  2  1  2  1
1  2  1  2  1  2  1  2  1  2  1  2  1  2  1  2  1  2  1  2
2  1  2  1  2  1  2  1  2  1  2  1  2  1  2  1  2  1  2  1
1  2  1  2  1  2  1  2  1  2  1  2  1  2  1  2  1  2  1  2
2  1  2  1  2  1  2  1  2  1  2  1  2  1  2  1  2  1  2  1
1  2  1  2  1  2  1  2  1  2  1  2  1  2  1  2  1  2  1  2
2  1  2  1  2  1  2  1  2  1  2  1  2  1  2  1  2  1  2  1
1  2  1  2  1  2  1  2  1  2  1  2  1  2  1  2  1  2  1  2
2  1  2  1  2  1  2  1  2  1  2  1  2  1  2  1  2  1  2  1
1  2  1  2  1  2  1  2  1  2  1  2  1  2  1  2  1  2  1  2
2  1  2  1  2  1  2  1  2  1  2  1  2  1  2  1  2  1  2  1
1  2  1  2  1  2  1  2  1  2  1  2  1  2  1  2  1  2  1  2
2  1  2  1  2  1  2  1  2  1  2  1  2  1  2  1  2  1  2  1
2100 1
2100 1
